11.391519519816777
9.039232975066842
7.99231173189502
8.773525257142705
12.591961433938264
10.645545170429802
11.172793885575595
11.01319745903811
7.736187235285913
9.663502928456685
9.407141379591128
7.66242939983831
11.129771448462423
12.604276744829026
7.051555357681533
9.472247055469506
4.002080939544622
5.680007691425859
8.330478074735101
14.612226869469321
10.51257353050409
8.147863181981055
7.714408636357316
11.163222248772179
9.572806856649038
11.97070233271364
9.189585238622783
13.317997275702247
8.865813822920385
10.893297474861562
8.844310476405926
11.912778364867698
15.242370005853783
8.263155837450588
10.522590479898557
9.261727610665138
11.17335462452045
9.4059940844893
10.31444403831139
10.452575952367875
13.265856418524717
11.615924196147786
5.925638387369893
9.871271895343552
9.557577669657462
9.575456604427298
13.578929259405049
6.160897846966973
11.934830095841065
9.795854257783855
9.774873518861718
11.270627792223072
8.877741558555622
8.59797481264502
15.182083279630332
6.713441805896452
13.751004050024838
8.798671639683501
9.292892431557213
6.928465365641137
4.157043281400444
8.579211101324457
8.20679115865861
5.730704905890292
14.105114095473777
11.62101730375198
11.546243981304821
7.921089102259929
12.076740321866033
13.946770971908444
9.544597448100607
7.140685420834256
11.068754429517238
12.431946204633636
10.869380370843029
8.204026116815362
11.188266505502956
9.992378340587395
10.5815980616846
12.679534432825587
10.055434183611707
15.50570599670829
12.763753243334289
7.93936063782395
11.398766898391425
11.523515298753724
11.436670283126178
12.3289699587743
10.064977318925385
8.863393302255707
9.86648194373561
10.38705712295746
7.373191767987921
11.37609160216837
11.345322985134672
10.429120867781894
14.111324727678902
15.45738088108271
12.091740437333124
7.833951726968639
9.036403258083075
10.808449269240626
6.641160922208302
9.243950077667463
5.691666312874466
11.023435244359035
13.672576869226395
4.88177993287418
10.7118604639387
12.142507319956199
7.465574063971781
14.348727378250937
9.619354422743125
11.524362416460349
9.526778482282568
14.434692671524907
7.451567320856648
6.323341904892272
10.660642979008331
13.776147769709471
6.2092345668416655
10.687031127289105
8.084329900844448
11.924697766284176
13.676545407015249
14.234175119101248
8.398305013093477
14.174896777471005
6.201813414454328
9.835426380850231
9.513690950748037
10.460897924034224
6.140115856730424
13.104588613297938
7.354518317600892
10.10675467430309
8.105118512782237
8.390024091588273
10.069413915705299
13.910330053099287
9.748215633785094
6.911937263545662
11.04907675517644
10.500516258695441
3.951096216271118
6.510622201908896
11.583662778522209
11.95222199662388
5.814762210879666
9.761161276579973
9.054651906492339
6.328694818473144
13.371815078973825
11.408180816544368
12.284133818364943
9.463198047556146
13.515835645492812
11.490426677100071
12.097984469240844
11.501360757056068
7.206215836446535
8.820474802792821
8.118524447745083
11.682814245566535
8.71981349550307
12.910404114363313
11.789418380614688
7.926839282702991
5.038651096393856
9.547569984054828
8.57945757576002
10.871574772700157
7.7099379117494635
10.753732800099185
11.654301277550605
7.6112570918358164
10.38775561499873
5.37342092369589
6.0680658803871435
11.44798855799172
12.288038800765202
12.429431314181306
10.687800393002027
10.056549739584746
10.994985477314607
9.523721860448639
6.681008872162694
7.625867624568452
8.236323079090733
14.638626368683319
5.806243815439523
12.402973611139624
6.461506484275216
10.008374259721304
11.775288383574486
5.009242003837721
5.908430716813705
10.37969076798676
9.024608217294475
10.516729181411854
6.027125701937555
9.66014197813877
9.092776549653994
11.690961742486651
10.78378149324142
11.002193731171763
5.546526424760672
9.592367732252816
6.768294546660541
13.288390473710454
7.368085938894255
9.94270548352268
7.93857493788458
8.17211528493394
8.576364919043645
9.461524209016178
10.876699040655513
7.009827707159423
10.288435629070001
13.446536616323392
12.663683758151707
8.577750538366216
8.603643205546238
6.294329225700057
8.857816039296418
7.265722248079075
11.41953115240047
12.522027923201943
8.91299621857931
11.274872306534446
11.555233647311827
9.755036807549128
9.713284904464905
10.110969579944062
9.199306249550258
8.269338949819163
10.52197601065463
11.86093416783439
8.144100051972613
11.681616292653517
6.879100421350074
6.702721584085097
8.383831953776305
11.854825327972057
15.976001694493595
13.193202824253806
6.861101992694512
8.077294773848713
11.985335880854823
12.354986819830826
8.646437264618637
9.023071577827906
13.165084331444366
9.573700334105618
8.42198726257343
11.398900131194608
12.873472303795285
9.093947502591876
11.738743280253235
12.299313247972355
15.597450881270388
8.924173321092713
12.398698782536881
8.370187397450495
11.307620219288806
7.411956165688554
5.005254478691721
10.871714487927196
8.08261475257914
12.00000985186326
9.621127630708397
11.96573276941939
9.887894198093647
9.668111321268661
7.5041776859097045
11.116865052693997
7.935099359755118
9.98060088618901
9.797751697633453
6.909419626668752
8.724039066414624
11.065141631603936
8.381282770774163
8.20011731660652
8.747644431764119
7.546795831597747
8.759743153496697
10.096704112398049
3.2370524396649394
7.579185138610143
9.464907892606249
9.817041890577942
6.540796460089256
6.683460299581943
12.656314114829865
4.089520369530117
5.567648676121999
8.572169456978642
6.666016205052919
9.191448710113638
11.003125624205948
7.476844723770979
13.626066927841803
13.291709352285157
14.011679770095348
13.744019914974066
10.154989380358778
14.025323274543872
13.371666372740675
12.72837496672241
10.033549439319993
10.694797840992264
8.81489908174639
11.451051865557849
8.38132318907097
7.1301626567365695
8.101880254493935
5.738671641510614
13.201317114970214
9.794650115104085
7.0363448585102955
8.643955080842487
8.402324124132758
12.153344868946743
12.702636109207859
8.421419435924275
8.858370670039516
12.080795625943093
5.3907750041428635
4.458214066843878
10.488419942293191
4.882510434660872
9.342854083582607
11.193420804913497
11.776296857640824
10.660357155138088
10.02072169589044
9.355749785394625
11.115085402788406
9.71225167963015
8.237395156146246
7.71726646748529
13.233749169833821
11.842195650076729
8.654612635973425
14.601697817592024
10.086694888251362
10.903287750837324
9.459854383252953
9.963836071188164
11.754141628463168
10.604516707515465
9.273314317737142
12.444193588830824
7.674168533158424
9.284301195842854
8.681980380628442
9.554880283399154
10.305346984758463
9.252520647351437
8.220731756090233
11.204081568870963
9.700732580772295
9.217907809704823
12.36453264729038
10.959002938604398
9.974688087063514
7.79492005799011
8.34099601950494
4.440494157750898
10.346431944315304
10.667379648883392
11.341055274775684
11.072160251984492
9.471747697371232
9.513164287920072
15.51933536759056
13.552227113742038
10.939752160583607
11.756550045544575
7.466530701646251
7.407740008194001
9.613236437425252
9.435209062774973
11.370164615334946
4.637355259020919
7.2902900436193985
8.507498750514287
11.632775189253401
8.07623591871685
8.522513432649214
12.96602964148678
8.165271254759144
12.763501755211351
10.052249066697186
10.5102625710159
10.567523217699467
12.43823838487885
8.587983156756323
12.640472524702155
11.578374148733023
12.138853034991406
11.34580949798376
11.15354240281957
9.396347649221015
9.382506840798564
7.175286937302247
7.907471752791123
11.426656800810662
11.061158073493955
11.34118705296764
12.317171268249883
6.45689635952289
6.089285236166511
8.483435329759212
5.261905999959334
12.686381936963812
10.119633954795514
14.341245041376979
7.8790846397213645
7.581066895139919
11.599752987426248
10.713511379757167
9.152107649710718
10.315588600620968
11.574353925955771
8.979564465548476
8.246207822989568
10.49575339800414
9.332769665696919
12.68329772808369
11.798147698818626
7.219740231701598
7.111396545359776
7.0672038833374895
4.888018626942951
9.32614833090074
7.671236481790931
10.642548681415887
11.52748150685988
13.418764128092437
8.776286065032414
7.5222509270545626
4.292771993628161
11.558804425876248
13.946931052172548
12.22021965350402
6.391328311635816
8.894695323823012
9.304372972654404
11.773650589533231
9.407543127896318
8.235921177282062
8.406125487370815
6.809392317913479
11.258409505570837
7.458930433649698
12.368603064471754
9.25949086006597
11.826714786238455
5.4946903577465065
7.951956160281817
5.711389172792149
13.55635082384758
12.535288103928735
9.311902812405739
6.083367481631105
9.0609923874033
14.12617294107759
14.959242327934582
9.64152616475831
10.178133044611279
12.228371522705853
9.44144867343565
5.671810773330267
12.132133493278744
11.445636708972495
10.794731774318945
13.428331730833644
11.194990961728312
4.021704208404068
7.177938154808723
8.87560440774952
14.47934703362817
6.346476241509125
16.441646657999115
12.503447065750173
9.619819896129567
6.890181124222352
13.221911656837856
10.012021914957614
6.272850185339516
15.413101947851217
14.37482149978678
5.965642783300925
12.406688106204909
13.217471746842945
7.674104520445514
5.8759590494488005
10.070708128428027
9.726102858598853
5.288708301630432
10.64009524970141
10.025624915082815
8.463018612679095
9.995567084606643
6.7031872350246084
12.28912646635824
9.617812198226664
11.217385895400652
12.7078000200079
9.807633971436381
4.9066388648977135
8.265207920304295
11.23239450410513
12.631234871932428
9.335903202468677
13.674303599350868
9.867799342090214
9.902671839260433
12.010216301718785
5.446301404036679
10.919251396483242
8.33484030439873
6.260361563968277
12.019527015906979
9.51198776352159
15.638880422304407
7.098676956555066
7.703252282957711
8.780983567074678
9.67062048778854
9.98417561852812
8.115567759644755
14.284575270963991
10.430817013690788
9.346000076273882
7.9001156920445865
10.704757748994252
10.76824798411782
9.858134002676636
13.51453394522884
9.783357224774171
11.175282075938611
8.812110328452789
10.019644254650489
7.881405914938567
6.456259008520458
9.67113949016802
12.896611872807746
7.8236671638149655
7.738676826834338
6.745705539886199
8.174818288559253
4.757335677099239
14.397099028336747
11.458453233270346
9.18560438763626
12.218295496219248
7.85456380283511
9.655074715064668
10.76103089476844
8.521119387529229
10.168806537930806
10.61060825294882
8.876634276127096
4.741751679187064
7.792750532403269
7.74199603755068
10.373867964333412
8.158373211339617
5.0628656116431845
13.13836468581069
14.301691319114003
14.377515763113877
3.6060113314714695
10.11135150812548
8.230445111299883
13.409475352830759
13.095363515120575
7.956771450761064
8.380592898649686
10.370230877382847
9.935820558317912
13.440036285484048
9.841418980747282
10.473888489640917
5.2005323216849195
7.203786279339228
11.089760765560651
13.361031592590344
11.416530216239256
10.835249641021296
8.091965165578943
12.441120255876704
9.36441267484925
8.580411311680551
7.32877947523243
10.111771357630436
16.880331963077666
11.421724450001982
14.596945067475135
7.957982584270949
10.989521532719925
12.042488058864551
9.209356717815144
14.903180638545152
10.93989803096956
11.445799908643254
5.761654649579713
8.468194880364575
12.416686926616565
13.030043477436406
11.130526696279254
10.75389516012631
6.814152937751144
8.967951390511747
10.02257720379133
6.787152988323776
8.897150817762736
8.560419995596112
13.584680991217096
6.685902081933943
9.18629428497936
8.424443869616724
10.453985613427616
4.589703397989993
11.23172503991152
11.594656815137888
12.6112736350552
7.186905874611448
7.865455022856585
9.60409681307869
9.3045850383603
12.05158888050004
9.835628773172582
14.120056308954918
10.850212360230485
9.93275877949841
12.955430105244572
11.433252964075827
10.002701973377679
9.749008287587401
15.139468961869888
7.222423568073088
9.422351234689476
13.733898971628001
12.006772688592104
11.55090741119449
11.018260094295501
7.139512080348505
13.992019961536384
5.3410757909919235
12.266262360947483
9.476669355889282
10.20005588706096
10.139548036191794
11.048344298386455
5.811754282690523
8.37909393563544
6.653666186256058
8.372262232510597
16.23250103322107
6.8513734169720735
11.731030442958797
9.85046404319491
7.631995336678586
8.210311101316787
8.463453975887512
11.701067136334185
7.6284245295067015
11.438709349887592
4.330180176427816
11.060325812332083
7.742403409262687
11.028483160438745
8.076048851539989
6.666177210710791
10.270326634900114
9.291761360711332
7.714329523282068
11.374166805481837
6.013112727979447
7.126588851845497
5.0339436915576385
11.489302355223675
12.739079815417286
12.187097489355814
3.999200933447775
7.443973733921854
10.244966671697966
8.2630795693224
12.694834423509045
6.915607134732037
7.391468101054658
5.416051324304318
9.885864807909622
7.272602588931
8.714994312273186
7.722417209411162
11.74946642655217
9.129474813827994
7.514616027875126
11.318778613388304
5.12968687464998
11.005484922089297
8.382515075100248
7.3480332851213666
9.775336515104758
12.844239511443694
9.797835803460636
7.404822578308366
4.837376534920914
12.661053210537847
11.817052826884941
10.252008420356402
10.828887336984765
10.505202740454745
4.779655950168137
7.45886776610343
12.789390350851813
8.12000461091032
8.920178303444517
10.512306011316962
12.366972927472641
8.314807803988312
7.751305825687717
10.576233511541862
11.3966503122277
12.417447336908504
11.633647092046392
9.170910532204607
6.177093229003775
9.75674806450832
12.11928588858574
6.604459016118478
10.434341827940285
7.666144254903418
8.838492582876281
12.006671628434372
4.7537562241572315
8.171327502506701
8.05304817248924
8.844876821504887
6.451463522131521
8.330261813239414
14.318671579719656
6.284094089080858
7.114750600836905
4.839900527875783
9.29876317116979
4.803109433368681
7.716764768938222
7.170481343851149
8.990158427187286
12.374849795124415
11.49897024675974
10.741461925499287
10.463160575484983
8.944018696368254
10.899399071638298
5.235536610980807
7.6764182174374
6.981761046227939
7.239444925221664
14.815172250841066
11.216771057980383
10.942158658381622
9.305785318626409
12.39162450419925
11.060679614765254
13.456063463152049
11.308510865590513
9.622646968210375
13.078211813757518
12.027142624963513
11.665778226993034
12.256849229929042
8.248511862713906
8.078410455135073
8.906967925467216
11.033714280628155
7.9850196561634
14.138718295460755
10.056203721643806
10.992016622156903
9.826956725619812
11.705194650008329
10.6752274675652
9.860942198435781
12.913747683745246
14.913015014248593
11.731868734242052
14.012081393969375
12.945326441706044
9.83118635405946
8.088807728936443
12.334687858556768
7.728768415884584
14.605439557409301
8.351203150418165
13.147231322279714
10.943872986807028
9.554707077420332
8.043980318062218
14.387456551849558
7.986348442009768
11.420004349209188
8.383174887588172
10.40854082822299
10.115903390425334
12.66246181881633
6.807873049685591
7.824319635830465
9.79658964952694
10.261343063700343
9.079323874279876
6.587380352175468
11.178642154938249
4.4608437815393085
12.705033380132472
6.172522213557526
9.740002609892839
10.611178828545166
9.725224124645585
6.846149429872966
5.5377049405665435
7.402844243063765
12.677605638266964
10.77336651950042
12.324977787852943
7.730010004066321
3.6002533863223363
6.133805273197768
7.8018158878254695
14.249514496645835
7.783685975171339
10.144218804272274
9.029424690748046
8.413317697495197
7.4665254895748046
11.20559119569507
8.261781821064323
9.953195814761274
9.254021362363877
10.696540919481603
7.979577591086607
12.028941494099604
8.155558641221342
13.987712960388611
11.396283085350245
9.142389634315808
6.948171210378311
9.132704849165908
11.512315585613587
8.060914905262797
9.537508313393595
10.6841450762112
10.063096692249012
7.226587517140715
9.05925251177454
11.729390111337736
12.144463580808495
13.095117820908754
10.173829376816428
9.096240385716682
9.291952062437948
13.563543352673477
11.501671270049753
10.512041863556778
12.544301681140073
10.342557995427732
8.980259579818256
11.103384197375897
6.283161157541166
10.620071545363274
5.294972765448577
8.241868829145641
11.077842192079807
7.527146881966795
10.288097377940947
9.189379654174024
15.67380300498644
13.480226753379316
8.94162351470525
8.677120478576418
8.421423972104204
6.657778036719931
8.644596337325755
9.835179895502566
9.096446332231967
8.390775811916088
12.637124952715167
12.030241518784191
11.7745283254825
11.060979792499726
11.483169861980072
12.578308431227466
6.537040074921377
10.353291505309862
8.023378544607054
6.876826279261483
13.101474873281331
11.189173236072744
9.626949984054598
12.578030289871199
9.147616142903706
8.242298319007974
9.342750193911426
6.120848358631454
9.32695803006233
9.130847311598021
3.5475197775002796
11.419705951540838
9.549893972770478
6.7388746535564765
12.654753375104617
9.527761878151836
8.134826972747081
9.197048101505425
16.9175743761569
8.17054720509574
6.944858356074861
9.414881462652199
9.342822782318839
13.911933681074737
9.174875130475547
8.420056387646696
12.216717129479811
11.352727997176315
5.924595742636506
7.670212425939905
13.453992034824326
11.140303121963383
6.2657220763187995
3.997317673021067
10.497399681864005
10.448699179821375
6.4250639144180015
12.424626526339281
14.34859744446125
12.122547651589876
9.212305919392273
11.452358843183056
8.725379542640697
11.246524097535218
10.989328319388331
10.129843325643693
16.872672309359324
11.67033882518351
13.002417846274536
6.962672064361353
4.825545717309715
12.427291234625041
12.810134100958127
10.8625318761209
5.16113054006689
8.229611383453678
8.211924762645793
6.669664546921361
12.001573070239512
10.24905438564436
7.362027079818498
8.913031851757864
7.00021699264473
11.080364769192983
4.719664703996168
10.9505543137723
8.57939143041968
7.028824876270278
11.46158125209242
13.62299832108106
10.68302092808679
10.386127567291332
11.400941968855138
12.338993568995566
7.472685791513418
11.175680085194578
6.305587313168001
11.943510220390545
12.59183267845628
11.857464802382179
9.257644600549
13.185891031617714
7.32969878821315
11.445032902729661
9.556935437314204
11.478892739363786
13.35342592517838
15.312828427244419
16.649028277720877
10.821792168998549
12.567157204170183
10.901353636890146
11.046337077227758
11.931986880837346
5.615695419810497
12.202677820229217
11.046003606223305
11.712380038045405
