0.0 1.1631584578489966
0.005005005005005005 5.415594382989673
0.01001001001001001 5.09960655565591
0.015015015015015015 -2.3029120060028765
0.02002002002002002 4.565382666887455
0.025025025025025023 3.0354475850721374
0.03003003003003003 0.3782180746238262
0.035035035035035036 3.999943142595598
0.04004004004004004 2.798265288361202
0.04504504504504504 9.408212552332225
0.050050050050050046 1.311446545927907
0.055055055055055056 -3.0372493270137113
0.06006006006006006 7.689345876937852
0.06506506506506507 4.94212146664066
0.07007007007007007 2.5352644236788255
0.07507507507507508 -1.023595839873206
0.08008008008008008 6.630097346070807
0.08508508508508508 3.406450725900161
0.09009009009009009 1.3879099831526416
0.09509509509509509 6.660411176659746
0.10010010010010009 4.785912216318257
0.10510510510510511 3.4249598622459763
0.11011011011011011 0.1152816824192815
0.11511511511511512 2.216192473240988
0.12012012012012012 -0.6359903428350293
0.12512512512512514 2.0855969793296927
0.13013013013013014 -0.5644636776096847
0.13513513513513514 5.663766601160453
0.14014014014014015 3.4820648677459705
0.14514514514514515 10.04160954177669
0.15015015015015015 7.529983772246013
0.15515515515515516 7.089926956585885
0.16016016016016016 2.8548820111550572
0.16516516516516516 7.98546689630094
0.17017017017017017 2.260454355404528
0.17517517517517517 5.979167509917507
0.18018018018018017 1.284297384859527
0.18518518518518517 5.557284938408283
0.19019019019019018 2.196270022204895
0.19519519519519518 4.540183106610591
0.20020020020020018 2.514128340963874
0.20520520520520522 -0.47600920236170197
0.21021021021021022 -0.7131816343545943
0.21521521521521522 6.524655178163922
0.22022022022022023 2.9725336133742233
0.22522522522522523 1.4984624897789787
0.23023023023023023 0.12858896915346074
0.23523523523523523 0.7660452353614082
0.24024024024024024 -2.5857420273345557
0.24524524524524524 4.323746545385848
0.2502502502502503 4.289386593398831
0.2552552552552553 1.5043488749039988
0.2602602602602603 1.3006921168701862
0.2652652652652653 2.460106468157263
0.2702702702702703 0.45523582774710825
0.2752752752752753 6.878593878975005
0.2802802802802803 0.36052493845026
0.2852852852852853 2.66118870468974
0.2902902902902903 3.430834903711903
0.2952952952952953 1.4928625750880578
0.3003003003003003 4.823294467018387
0.3053053053053053 1.6541478837245518
0.3103103103103103 2.407575115876948
0.3153153153153153 0.44327499011934934
0.3203203203203203 6.2820828629090535
0.3253253253253253 5.007336250287301
0.3303303303303303 2.4225687255833495
0.3353353353353353 4.972149592490675
0.34034034034034033 -0.22959616709116748
0.34534534534534533 3.9252572327375264
0.35035035035035034 1.6552908122392536
0.35535535535535534 0.29029524750239366
0.36036036036036034 1.164092893001742
0.36536536536536535 -0.6865042195037461
0.37037037037037035 1.6908329545761713
0.37537537537537535 4.681666400070238
0.38038038038038036 2.5209001908148156
0.38538538538538536 0.6978940202426562
0.39039039039039036 0.2717775039848851
0.39539539539539537 -1.746584165315781
0.40040040040040037 4.924515156091879
0.40540540540540543 3.6903318339428237
0.41041041041041043 2.01562715179916
0.41541541541541543 -0.7479125595096159
0.42042042042042044 3.6558383687209384
0.42542542542542544 2.032710900485871
0.43043043043043044 -0.4809727352351203
0.43543543543543545 2.941768392248079
0.44044044044044045 7.95274847784232
0.44544544544544545 4.829066983796174
0.45045045045045046 5.437238257356805
0.45545545545545546 3.1061093896566554
0.46046046046046046 -1.5767161628897473
0.46546546546546547 1.3173046684355736
0.47047047047047047 2.355674191062662
0.4754754754754755 5.364594316091413
0.4804804804804805 4.070551458971792
0.4854854854854855 3.5627867353967897
0.4904904904904905 3.8489009428452863
0.4954954954954955 -2.0328245048350198
0.5005005005005005 -1.8483430819108202
0.5055055055055055 3.7927480996367438
0.5105105105105106 -0.7156386063657028
0.5155155155155156 2.044672873551188
0.5205205205205206 0.581655786290133
0.5255255255255256 5.806437858222191
0.5305305305305306 3.5803821313202953
0.5355355355355356 1.0013556945776707
0.5405405405405406 -2.9306189035707666
0.5455455455455456 0.24377417522231593
0.5505505505505506 0.8049228177862311
0.5555555555555556 -0.9488673194789445
0.5605605605605606 2.149732706952461
0.5655655655655656 -1.7164480501577382
0.5705705705705706 7.66903721657522
0.5755755755755756 5.503528506030296
0.5805805805805806 3.4282280611633844
0.5855855855855856 -3.8787332756984414
0.5905905905905906 -1.8059892264062327
0.5955955955955956 -2.0235216596924595
0.6006006006006006 1.6807553825815758
0.6056056056056056 -3.357612536427255
0.6106106106106106 1.8980754127835398
0.6156156156156156 3.07008446568557
0.6206206206206206 4.038964187825497
0.6256256256256256 0.32581410771913877
0.6306306306306306 2.3554848878289096
0.6356356356356356 -1.1241172649225852
0.6406406406406406 2.1079822374325614
0.6456456456456456 2.2672082087367653
0.6506506506506506 -0.6566386743761488
0.6556556556556556 -2.569204311940684
0.6606606606606606 -5.227924879821025
0.6656656656656657 -5.859053910653859
0.6706706706706707 1.7023217591589086
0.6756756756756757 -2.5890818022528697
0.6806806806806807 2.0465866646609774
0.6856856856856857 1.4797831545840046
0.6906906906906907 1.2929227840629487
0.6956956956956957 -2.138380493469451
0.7007007007007007 1.0460988907758861
0.7057057057057057 -3.9609935577723583
0.7107107107107107 -4.17091128841578
0.7157157157157157 2.1279675336266473
0.7207207207207207 2.3248861980456255
0.7257257257257257 4.425406729517736
0.7307307307307307 7.618971478702882
0.7357357357357357 -3.320079040776778
0.7407407407407407 2.1972522459650294
0.7457457457457457 0.5920927963431994
0.7507507507507507 -1.9616809519965148
0.7557557557557557 -1.1382196357407768
0.7607607607607607 -2.5268118830749398
0.7657657657657657 0.5050347578924295
0.7707707707707707 2.5949001402907785
0.7757757757757757 0.555471817273129
0.7807807807807807 2.9029404711331406
0.7857857857857857 -2.0726969280478498
0.7907907907907907 2.724663005541426
0.7957957957957957 -5.720335905988076
0.8008008008008007 0.6350055620013286
0.8058058058058059 -1.2109126720552208
0.8108108108108109 0.9852326060604315
0.8158158158158159 0.5693767513203913
0.8208208208208209 -4.888547745046376
0.8258258258258259 1.6673951831909921
0.8308308308308309 -2.1118719239331227
0.8358358358358359 1.9707418113441717
0.8408408408408409 -3.4315961117654616
0.8458458458458459 3.510785464612708
0.8508508508508509 -3.631524419066178
0.8558558558558559 3.8596701746681306
0.8608608608608609 -1.924213498005786
0.8658658658658659 -0.2954270834029247
0.8708708708708709 -1.051998993734288
0.8758758758758759 -0.9477134957190003
0.8808808808808809 -2.349042745335046
0.8858858858858859 -3.206738681618363
0.8908908908908909 0.9701632594762573
0.8958958958958959 -2.6275049745406562
0.9009009009009009 -3.0476576373444306
0.9059059059059059 3.4943086254258326
0.9109109109109109 -1.6621394016059305
0.9159159159159159 -6.0801439961806185
0.9209209209209209 -2.213607162373629
0.9259259259259259 1.8157305842879197
0.9309309309309309 -4.2725475027525075
0.9359359359359359 2.1582021855259828
0.9409409409409409 2.80921577162268
0.9459459459459459 2.373020055985101
0.950950950950951 -0.44870312342446184
0.955955955955956 -2.9581089832676994
0.960960960960961 0.45574444369176037
0.965965965965966 3.195655754551398
0.970970970970971 -3.206630684873721
0.975975975975976 1.4718902224241295
0.980980980980981 -4.962395191101695
0.985985985985986 1.377160495459389
0.990990990990991 -3.272074001874328
0.995995995995996 3.1001454668755133
1.001001001001001 -1.8624596635134258
1.006006006006006 0.7292565635830233
1.011011011011011 3.7421116111375237
1.016016016016016 0.6983689872191476
1.021021021021021 3.13496263204671
1.026026026026026 -1.8215782516863044
1.031031031031031 1.1261666327990736
1.0360360360360361 -3.7341126972714704
1.0410410410410411 0.2632076283066054
1.0460460460460461 4.639378644626822
1.0510510510510511 7.37329772146537
1.0560560560560561 -0.26232742844914547
1.0610610610610611 -0.7841810426235511
1.0660660660660661 -5.046730824068394
1.0710710710710711 -1.3755100371653484
1.0760760760760761 -3.406989831413803
1.0810810810810811 4.6501650317178385
1.0860860860860861 -3.1836423001696943
1.0910910910910911 0.3037813791324635
1.0960960960960962 -0.7413272519361485
1.1011011011011012 3.7546110211723667
1.1061061061061062 -2.214774100981831
1.1111111111111112 6.450927903815595
1.1161161161161162 -4.915663496214016
1.1211211211211212 -0.3484994415573821
1.1261261261261262 0.1514213671197826
1.1311311311311312 2.2240012738053188
1.1361361361361362 6.1105355420424425
1.1411411411411412 2.57676928120106
1.1461461461461462 3.9821106257226973
1.1511511511511512 -4.772805527784046
1.1561561561561562 -1.5675961344128773
1.1611611611611612 2.1979531256485694
1.1661661661661662 -1.9133236248920422
1.1711711711711712 3.188709111837878
1.1761761761761762 2.1055539424167318
1.1811811811811812 2.4555243171223617
1.1861861861861862 1.1280421471779278
1.1911911911911912 -0.19643200151202844
1.1961961961961962 -0.2877138134257615
1.2012012012012012 0.5461565066349121
1.2062062062062062 1.2035779931923667
1.2112112112112112 -1.3276464215051993
1.2162162162162162 -0.43979472332297753
1.2212212212212212 -2.8541097535120104
1.2262262262262262 -7.703097863490893
1.2312312312312312 0.751363658108303
1.2362362362362362 0.8140876991348107
1.2412412412412412 -4.771365066084849
1.2462462462462462 0.5813988300491415
1.2512512512512513 2.3571439842160262
1.2562562562562563 1.7280011738736119
1.2612612612612613 -0.4479880269053087
1.2662662662662663 1.173394279497784
1.2712712712712713 -1.7172344434060856
1.2762762762762763 -4.5701011581459365
1.2812812812812813 1.4171207542169104
1.2862862862862863 -3.4857048447363965
1.2912912912912913 -2.905624320937024
1.2962962962962963 0.8886236963307095
1.3013013013013013 -2.794818899728668
1.3063063063063063 -5.658258163282175
1.3113113113113113 2.23645221864642
1.3163163163163163 1.5336051822688823
1.3213213213213213 -0.941465342346941
1.3263263263263263 -2.675087720058958
1.3313313313313313 2.6189383485257736
1.3363363363363363 -7.052871756206724
1.3413413413413413 -0.017835008661903906
1.3463463463463463 -5.917625827913781
1.3513513513513513 2.746283612429637
1.3563563563563563 -3.3830069536606056
1.3613613613613613 -7.895933149032837
1.3663663663663663 -0.6758026914989248
1.3713713713713713 -3.68465918758075
1.3763763763763763 -2.456770656865209
1.3813813813813813 4.0193291120821915
1.3863863863863863 -2.8909727918982586
1.3913913913913913 -0.6921305251447913
1.3963963963963963 -5.718916705413914
1.4014014014014013 -3.3005951089811605
1.4064064064064064 -6.185283958164396
1.4114114114114114 -0.10957812715246185
1.4164164164164164 -1.4641434071886072
1.4214214214214214 -4.549467317558305
1.4264264264264264 -1.2651185638711553
1.4314314314314314 -7.54110707090757
1.4364364364364364 -0.25040868037573993
1.4414414414414414 2.9961993883388525
1.4464464464464464 -1.2648580547335824
1.4514514514514514 1.5513102027612131
1.4564564564564564 -7.683072529747793
1.4614614614614614 -4.921528499360726
1.4664664664664664 -2.720544903574531
1.4714714714714714 -1.6799979454485854
1.4764764764764764 -0.8679592216216641
1.4814814814814814 -0.3763891336611227
1.4864864864864864 -3.5702304824552815
1.4914914914914914 -2.8409269697292885
1.4964964964964964 -5.716735331305049
1.5015015015015014 1.107044846386553
1.5065065065065064 -2.526457014473018
1.5115115115115114 -7.023918453474192
1.5165165165165164 -5.124047992392573
1.5215215215215214 -0.011179662182719596
1.5265265265265264 1.5081911305399989
1.5315315315315314 -1.8724921748845818
1.5365365365365364 -1.6913888349148216
1.5415415415415414 -2.029379844484782
1.5465465465465464 -3.3260739347115376
1.5515515515515514 -3.3816772427818735
1.5565565565565564 -0.9009717406867583
1.5615615615615615 -0.45256298291079844
1.5665665665665665 -2.275159049430301
1.5715715715715715 1.278129207410669
1.5765765765765765 4.602590080962036
1.5815815815815815 -5.161966196968926
1.5865865865865865 1.1984544109610864
1.5915915915915915 -1.1047432880093488
1.5965965965965965 -2.486076573119675
1.6016016016016015 -3.2042787627728986
1.6066066066066067 -5.8783726433065056
1.6116116116116117 -4.592600877263617
1.6166166166166167 0.5377494013362565
1.6216216216216217 -1.0978319801890368
1.6266266266266267 -1.445478558691292
1.6316316316316317 -2.535672630070925
1.6366366366366367 -4.029256047807129
1.6416416416416417 -4.215702408392051
1.6466466466466467 -5.880980796948766
1.6516516516516517 -0.9558458591521379
1.6566566566566567 -5.132203279174458
1.6616616616616617 -4.803447161062097
1.6666666666666667 -6.637246353386255
1.6716716716716717 -6.278380056085732
1.6766766766766767 2.277596630213167
1.6816816816816818 -3.0051563432434856
1.6866866866866868 -0.5059333545603151
1.6916916916916918 -6.418268886820316
1.6966966966966968 -2.368646908283085
1.7017017017017018 0.6626096066248524
1.7067067067067068 0.6110886547799086
1.7117117117117118 -5.742504358725421
1.7167167167167168 -4.690074974590596
1.7217217217217218 -8.743777252803458
1.7267267267267268 1.2126541903495367
1.7317317317317318 -1.0058733473541643
1.7367367367367368 0.5199129080334952
1.7417417417417418 -5.784969672673416
1.7467467467467468 0.0764817708653589
1.7517517517517518 3.464758383781599
1.7567567567567568 -5.125498837032975
1.7617617617617618 -8.907039262186505
1.7667667667667668 -2.7545785112548273
1.7717717717717718 -5.170341397319284
1.7767767767767768 -5.965668779042591
1.7817817817817818 2.5227104406660423
1.7867867867867868 -5.400243057323969
1.7917917917917918 -1.869196802278302
1.7967967967967968 -3.550401513778498
1.8018018018018018 -4.473337064306749
1.8068068068068068 -1.7790338037956381
1.8118118118118118 -3.7633318140932106
1.8168168168168168 0.7157906705809247
1.8218218218218218 -4.819331994238226
1.8268268268268268 -3.9582046196104823
1.8318318318318318 -1.0933757963328086
1.8368368368368369 1.2743105241486177
1.8418418418418419 -7.424401235623318
1.8468468468468469 -7.5217708479530465
1.8518518518518519 -4.290983663269314
1.8568568568568569 -4.768459136638802
1.8618618618618619 -6.682860822049591
1.8668668668668669 -3.56768010036528
1.8718718718718719 -4.064707040121306
1.8768768768768769 1.6343803847791962
1.8818818818818819 -7.738304229035997
1.8868868868868869 -5.33961475737857
1.8918918918918919 -2.4887366239229802
1.896896896896897 -1.6788531090860204
1.901901901901902 -4.012242016046217
1.906906906906907 -5.026227715621506
1.911911911911912 -7.337495871205295
1.916916916916917 -10.655103893402579
1.921921921921922 0.4112565368939931
1.926926926926927 -1.8214485050023468
1.931931931931932 -3.15805433183868
1.936936936936937 -1.6967753281690054
1.941941941941942 -5.369205568124778
1.946946946946947 1.5934939087672042
1.951951951951952 0.6883640214790123
1.956956956956957 -0.39552618888498614
1.961961961961962 -5.28705373803948
1.966966966966967 -4.358880518228771
1.971971971971972 -1.9508888094623105
1.976976976976977 -1.1827954408819714
1.981981981981982 -4.034103896717394
1.986986986986987 -6.912772149809236
1.991991991991992 -0.43512827066894566
1.996996996996997 -5.8437676274027925
2.002002002002002 1.6359705981890578
2.007007007007007 -3.7739539749597553
2.012012012012012 -1.2998373734698134
2.017017017017017 0.20867661209556765
2.022022022022022 -10.132643399883214
2.027027027027027 -4.050621201660901
2.032032032032032 -3.2937194913357812
2.037037037037037 -1.951527733909007
2.042042042042042 -7.412107487981718
2.047047047047047 -1.3085404225722943
2.052052052052052 -5.827346458272332
2.057057057057057 -3.884096344624729
2.062062062062062 -3.9256262385666085
2.067067067067067 -4.425431173563002
2.0720720720720722 -4.089005939767297
2.0770770770770772 -4.975507051321221
2.0820820820820822 -6.065025904517778
2.0870870870870872 -3.6147188667997847
2.0920920920920922 0.01750536252272994
2.0970970970970972 -2.3147949852664453
2.1021021021021022 -11.20957068649714
2.1071071071071072 -3.7480671329512445
2.1121121121121122 -8.611771602725646
2.1171171171171173 -7.308276628168784
2.1221221221221223 -2.909035471805712
2.1271271271271273 -4.90212157382798
2.1321321321321323 -4.481417107975467
2.1371371371371373 -3.902649208053928
2.1421421421421423 -6.067499483756038
2.1471471471471473 0.5261332461269301
2.1521521521521523 -6.121488675783082
2.1571571571571573 -2.013299999453773
2.1621621621621623 -5.881896228569833
2.1671671671671673 -6.051359028480896
2.1721721721721723 -9.468964676790803
2.1771771771771773 -5.595182138491037
2.1821821821821823 -0.4011078562988768
2.1871871871871873 -6.0345855987943064
2.1921921921921923 -6.423029788534635
2.1971971971971973 -5.47886338483325
2.2022022022022023 -4.7260048759713165
2.2072072072072073 -8.098617576293648
2.2122122122122123 -6.861323509479501
2.2172172172172173 -4.21580316648901
2.2222222222222223 -9.287597927947889
2.2272272272272273 -6.969629692313275
2.2322322322322323 1.1252505643118047
2.2372372372372373 -10.592724133405204
2.2422422422422423 -3.3103025287420174
2.2472472472472473 -9.266639119839558
2.2522522522522523 -5.747737879395723
2.2572572572572573 -2.6353231804998165
2.2622622622622623 -0.8389059677724857
2.2672672672672673 -2.4770291825394395
2.2722722722722724 -6.516110312987768
2.2772772772772774 -5.927222417898447
2.2822822822822824 -5.462219542249748
2.2872872872872874 -7.006409407444327
2.2922922922922924 -6.304801310620224
2.2972972972972974 -8.08881682208071
2.3023023023023024 -2.377812318684554
2.3073073073073074 -3.3100295312027708
2.3123123123123124 -10.09026519827799
2.3173173173173174 -3.9426081298840154
2.3223223223223224 -8.859316285028601
2.3273273273273274 -3.6106496095580427
2.3323323323323324 -4.972099232163796
2.3373373373373374 -5.85238961824497
2.3423423423423424 -5.715489046916257
2.3473473473473474 -5.403227065374656
2.3523523523523524 -7.873770830571329
2.3573573573573574 -6.182213906007954
2.3623623623623624 -7.58579485160738
2.3673673673673674 -7.694356787227909
2.3723723723723724 -4.07973181876644
2.3773773773773774 -3.783117847866918
2.3823823823823824 -1.9423028349574372
2.3873873873873874 -4.892563733167087
2.3923923923923924 -6.765633088110086
2.3973973973973974 -2.125227496819532
2.4024024024024024 -6.292322060003352
2.4074074074074074 0.04708496779556803
2.4124124124124124 -1.417859163728723
2.4174174174174174 -5.2884671453772985
2.4224224224224224 -10.256806285586629
2.4274274274274275 -6.1298621083049625
2.4324324324324325 -9.021586294950017
2.4374374374374375 -2.4559001227896733
2.4424424424424425 -12.878700506270668
2.4474474474474475 -7.363083145141143
2.4524524524524525 -9.314014218725681
2.4574574574574575 -8.546699036579712
2.4624624624624625 -4.725923316885364
2.4674674674674675 -4.855671922039882
2.4724724724724725 -13.913428481839404
2.4774774774774775 -4.111967130548532
2.4824824824824825 -5.445602312727987
2.4874874874874875 -5.398722966831013
2.4924924924924925 -1.018307269937381
2.4974974974974975 -7.440080813144821
2.5025025025025025 -2.2686754118003822
2.5075075075075075 -3.9678915942710438
2.5125125125125125 -3.963211473801758
2.5175175175175175 -8.881341436167094
2.5225225225225225 -0.545449956085454
2.5275275275275275 -8.748875293129664
2.5325325325325325 -3.0389949670097574
2.5375375375375375 -10.777243079424375
2.5425425425425425 -5.244569639037607
2.5475475475475475 -4.973969125190186
2.5525525525525525 -0.9648637751158713
2.5575575575575575 -5.960232046135051
2.5625625625625625 -7.045236180038961
2.5675675675675675 -8.40635684378039
2.5725725725725725 -7.452897614705705
2.5775775775775776 -8.712770851525896
2.5825825825825826 -5.380418990552728
2.5875875875875876 -11.144329424924516
2.5925925925925926 -6.773725930037726
2.5975975975975976 -6.444129680956092
2.6026026026026026 -1.0605833991020415
2.6076076076076076 -5.452500328852988
2.6126126126126126 -6.04042897421669
2.6176176176176176 -5.020217141731603
2.6226226226226226 -2.377303691066193
2.6276276276276276 -7.152520998312696
2.6326326326326326 -1.6102887339722773
2.6376376376376376 -4.078357846678282
2.6426426426426426 -3.8297935314215366
2.6476476476476476 -9.654971162759745
2.6526526526526526 -6.56494798024308
2.6576576576576576 -2.2536649909507807
2.6626626626626626 -4.376225709427612
2.6676676676676676 -5.724724032125534
2.6726726726726726 -7.349061064761033
2.6776776776776776 -10.566069387906925
2.6826826826826826 -3.9194637302407553
2.6876876876876876 -5.396832388772971
2.6926926926926926 -9.650224148661316
2.6976976976976976 -7.442502182247315
2.7027027027027026 -9.569660992016047
2.7077077077077076 -2.071480085776116
2.7127127127127126 -10.495940843222236
2.7177177177177176 -7.044650628745078
2.7227227227227226 -6.9401517356154265
2.7277277277277276 -4.641521282420095
2.7327327327327327 -11.32261552088179
2.7377377377377377 -4.54194684690696
2.7427427427427427 -5.970276334934372
2.7477477477477477 -4.44518724074239
2.7527527527527527 -10.121680487620592
2.7577577577577577 -8.16702001909946
2.7627627627627627 -9.598008908006634
2.7677677677677677 -8.922113139320482
2.7727727727727727 -0.45628220947254405
2.7777777777777777 -5.7240437175912415
2.7827827827827827 -4.206359232674597
2.7877877877877877 -8.816120129223481
2.7927927927927927 -9.586396625807543
2.7977977977977977 -8.044029458749932
2.8028028028028027 -7.559317191703849
2.8078078078078077 -2.7494548610056064
2.8128128128128127 -12.040086312060332
2.8178178178178177 -3.285458723828807
2.8228228228228227 -6.2644265404000326
2.8278278278278277 -14.91527859541732
2.8328328328328327 -8.386160744701085
2.8378378378378377 -8.956900078193982
2.8428428428428427 -6.945805211183796
2.8478478478478477 -9.491228204223944
2.8528528528528527 -3.4518655118645736
2.8578578578578577 -13.408107300801053
2.8628628628628627 -8.427237984366469
2.8678678678678677 -2.5916706627938373
2.8728728728728727 -4.227132259066064
2.8778778778778777 -7.951394467951392
2.8828828828828827 -3.8773393227158923
2.8878878878878878 -4.1560616137232635
2.8928928928928928 -8.566867281407859
2.8978978978978978 -3.941888461500948
2.9029029029029028 -4.053081554767212
2.9079079079079078 -12.112454273610414
2.9129129129129128 -13.368142832001205
2.9179179179179178 -8.19701406935992
2.9229229229229228 -7.58107806343596
2.9279279279279278 -7.702351266418129
2.932932932932933 -10.256761231816977
2.937937937937938 -10.936954551799078
2.942942942942943 -7.729949238427267
2.947947947947948 -12.306597766626645
2.952952952952953 -6.778655654814118
2.957957957957958 -5.6649831596809825
2.962962962962963 -6.505746114710044
2.967967967967968 -4.543366084850883
2.972972972972973 -4.5351136247482735
2.977977977977978 -9.824738087072758
2.982982982982983 -6.901554937523404
2.987987987987988 -8.019329606960868
2.992992992992993 -10.215423054996128
2.997997997997998 -7.121311021665521
3.003003003003003 -6.252101008219476
3.008008008008008 -6.079951511585788
3.013013013013013 -11.602820022434242
3.018018018018018 -9.693197487659187
3.023023023023023 -5.709724272437564
3.028028028028028 -3.069063329407541
3.033033033033033 -6.678634206257733
3.038038038038038 -7.773058606839015
3.043043043043043 -16.484577644948615
3.048048048048048 -8.385970679229526
3.053053053053053 -14.311919939784119
3.058058058058058 -5.2678416046520375
3.063063063063063 -7.0036771384334795
3.068068068068068 -7.513510482235015
3.073073073073073 -7.54627165971376
3.078078078078078 -6.120823646978042
3.083083083083083 -7.697073513584451
3.088088088088088 -10.754155889996401
3.093093093093093 -12.644472853640735
3.098098098098098 -9.037075437207182
3.103103103103103 -10.176050668235428
3.108108108108108 -7.261456152548442
3.113113113113113 -12.423685942604678
3.118118118118118 -6.680005140920301
3.123123123123123 -6.6843320809630065
3.128128128128128 -8.071895019342772
3.133133133133133 -8.425815418305296
3.138138138138138 -2.687074742935856
3.143143143143143 -3.343308487713477
3.148148148148148 -9.601785409759485
3.153153153153153 -11.393275906715111
3.158158158158158 -6.504378338325878
3.163163163163163 -4.859517676868553
3.168168168168168 -10.133141711450378
3.173173173173173 -7.817333385947666
3.178178178178178 -14.139294966423535
3.183183183183183 -9.293788719099465
3.188188188188188 -7.899180816088602
3.193193193193193 -10.205477256700242
3.198198198198198 -6.976126866484462
3.203203203203203 -12.933647704093605
3.2082082082082084 -6.439340429199845
3.2132132132132134 -4.510382987002748
3.2182182182182184 -11.944850503664522
3.2232232232232234 -10.201931977324689
3.2282282282282284 -9.009623597398026
3.2332332332332334 -9.542267717762593
3.2382382382382384 -8.846773393884849
3.2432432432432434 -3.4814407681501063
3.2482482482482484 -6.320671546352743
3.2532532532532534 -13.630634286177418
3.2582582582582584 -6.760191921703841
3.2632632632632634 -8.257124099810957
3.2682682682682684 -5.916200236328509
3.2732732732732734 -1.85220404388222
3.2782782782782784 -11.927863142010395
3.2832832832832834 -12.980265513024936
3.2882882882882885 -10.135274040342555
3.2932932932932935 -5.933859704964732
3.2982982982982985 -3.265617505030699
3.3033033033033035 -8.30979346229324
3.3083083083083085 -14.722498905720503
3.3133133133133135 -14.592289388299942
3.3183183183183185 -6.266422863626659
3.3233233233233235 -8.030085718960999
3.3283283283283285 -6.658569903309655
3.3333333333333335 -8.567743616335813
3.3383383383383385 -9.852632871936017
3.3433433433433435 -5.747260291041098
3.3483483483483485 -11.216463283834935
3.3533533533533535 -10.302585619291452
3.3583583583583585 -11.239612901154505
3.3633633633633635 -10.221075599721662
3.3683683683683685 -10.406225666038255
3.3733733733733735 -10.58634101167669
3.3783783783783785 -11.353636339383966
3.3833833833833835 -8.553401175946508
3.3883883883883885 -11.744750635367755
3.3933933933933935 -12.718765105659926
3.3983983983983985 -16.087944532074907
3.4034034034034035 -10.870462361218191
3.4084084084084085 -11.361351256199253
3.4134134134134135 -1.651286540939049
3.4184184184184185 -5.52118193446063
3.4234234234234235 -12.32809126125344
3.4284284284284285 -8.691067196973167
3.4334334334334335 -4.331658126537302
3.4384384384384385 -9.479272836961272
3.4434434434434436 -12.019706071202595
3.4484484484484486 -6.369415487032878
3.4534534534534536 -12.998427533299054
3.4584584584584586 -10.492849577458346
3.4634634634634636 -11.351539329785636
3.4684684684684686 -12.027382597178068
3.4734734734734736 -5.910070411144373
3.4784784784784786 -9.982505377578955
3.4834834834834836 -8.859620291425
3.4884884884884886 -12.784985328698546
3.4934934934934936 -9.159137940189709
3.4984984984984986 -2.115254195784905
3.5035035035035036 -12.111452699134599
3.5085085085085086 -11.144989428059134
3.5135135135135136 -6.191878659238917
3.5185185185185186 -12.747012966261575
3.5235235235235236 -11.245951508156118
3.5285285285285286 -11.340083895427647
3.5335335335335336 -10.676719787002538
3.5385385385385386 -13.30618963320584
3.5435435435435436 -7.973991815724867
3.5485485485485486 -9.11569919374191
3.5535535535535536 -9.97776216703553
3.5585585585585586 -10.081004737285824
3.5635635635635636 -6.3650379901832075
3.5685685685685686 -5.170424151538274
3.5735735735735736 -17.47834996045949
3.5785785785785786 -13.804793905471108
3.5835835835835836 -14.572716840762101
3.5885885885885886 -16.310460308672816
3.5935935935935936 -15.38989505072205
3.5985985985985987 -10.142517784364125
3.6036036036036037 -12.73475126165502
3.6086086086086087 -7.418072856125658
3.6136136136136137 -4.824584119313924
3.6186186186186187 -12.649111419231382
3.6236236236236237 -8.874808826933634
3.6286286286286287 -8.421601434367833
3.6336336336336337 -10.529497453777164
3.6386386386386387 -11.0286773519814
3.6436436436436437 -11.82190838187801
3.6486486486486487 -4.787881829573745
3.6536536536536537 -15.033095566632714
3.6586586586586587 -9.588857166718995
3.6636636636636637 -7.313072718930119
3.6686686686686687 -10.363257705352092
3.6736736736736737 -11.950508493012538
3.6786786786786787 -4.584544639716709
3.6836836836836837 -7.812394493198617
3.6886886886886887 -11.018331616110878
3.6936936936936937 -15.079167848593876
3.6986986986986987 -11.139950156357733
3.7037037037037037 -15.00982219879451
3.7087087087087087 -14.165661605408609
3.7137137137137137 -13.43855079298007
3.7187187187187187 -7.444743452313286
3.7237237237237237 -11.941524280278875
3.7287287287287287 -13.020130887245962
3.7337337337337337 -10.852247072588662
3.7387387387387387 -8.224001440009605
3.7437437437437437 -11.229386697732833
3.7487487487487487 -8.014260960426832
3.7537537537537538 -8.802931578487314
3.7587587587587588 -12.400029451612642
3.7637637637637638 -14.082412391420323
3.7687687687687688 -11.690055594628664
3.7737737737737738 -14.43159890852068
3.7787787787787788 -11.810763206728199
3.7837837837837838 -9.421688135052143
3.7887887887887888 -16.169491189609154
3.793793793793794 -6.734140435824653
3.798798798798799 -10.881885341942835
3.803803803803804 -4.906657843712297
3.808808808808809 -9.172174687310374
3.813813813813814 -9.24888195994303
3.818818818818819 -9.993714013062327
3.823823823823824 -9.786971810245115
3.828828828828829 -10.306120073863482
3.833833833833834 -10.636584472928234
3.838838838838839 -10.629662988101758
3.843843843843844 -12.798891101178729
3.848848848848849 -11.143476819982233
3.853853853853854 -12.059144754138128
3.858858858858859 -10.032299942689784
3.863863863863864 -17.357317037924194
3.868868868868869 -4.667780943346822
3.873873873873874 -15.914668572252275
3.878878878878879 -11.727149423871387
3.883883883883884 -9.803045272041484
3.888888888888889 -12.843242883827433
3.893893893893894 -12.723120918962216
3.898898898898899 -11.292289914002872
3.903903903903904 -8.28081376478427
3.908908908908909 -14.251198301081942
3.913913913913914 -9.10736698551515
3.918918918918919 -11.336000658123464
3.923923923923924 -10.111099877618914
3.928928928928929 -10.714258906048757
3.933933933933934 -8.760368835764124
3.938938938938939 -7.474655986710895
3.943943943943944 -19.215242621680012
3.948948948948949 -13.618676287805442
3.953953953953954 -10.406024618063611
3.958958958958959 -12.04308720772081
3.963963963963964 -16.169604217594788
3.968968968968969 -7.8753605924957455
3.973973973973974 -5.492891551714591
3.978978978978979 -12.691566655032375
3.983983983983984 -13.289259990872726
3.988988988988989 -17.49372720431684
3.993993993993994 -11.308717479271271
3.998998998998999 -11.34332409093395
4.004004004004004 -15.343465328300883
4.009009009009009 -10.945415542064316
4.014014014014014 -16.901199166009086
4.019019019019019 -8.933523758755914
4.024024024024024 -11.817015899295967
4.029029029029029 -9.507126270153684
4.034034034034034 -14.132072453499692
4.039039039039039 -10.428960901236264
4.044044044044044 -9.546568774855903
4.049049049049049 -12.98145482430865
4.054054054054054 -11.675478407559233
4.059059059059059 -9.703102337027659
4.064064064064064 -9.172536661144667
4.069069069069069 -9.804777329690204
4.074074074074074 -11.265888456873773
4.079079079079079 -16.501479901465007
4.084084084084084 -15.790435595922851
4.089089089089089 -12.182913559909078
4.094094094094094 -11.873448905463192
4.099099099099099 -11.793386698818495
4.104104104104104 -10.959161474990736
4.109109109109109 -15.36604233078133
4.114114114114114 -9.973653863615313
4.119119119119119 -13.21059476096216
4.124124124124124 -14.380522999457515
4.129129129129129 -12.746162194860844
4.134134134134134 -14.58010597949496
4.1391391391391394 -11.567049943361265
4.1441441441441444 -15.512722890640728
4.1491491491491495 -14.135306995239297
4.1541541541541545 -15.852381910166429
4.1591591591591595 -10.000433350004487
4.1641641641641645 -14.670908497903088
4.1691691691691695 -7.040822210859535
4.1741741741741745 -12.79172817356632
4.1791791791791795 -16.094627718240904
4.1841841841841845 -10.809719408165046
4.1891891891891895 -12.800224458868662
4.1941941941941945 -9.39365519442034
4.1991991991991995 -13.159365565587379
4.2042042042042045 -15.201029451554579
4.2092092092092095 -10.888634419697885
4.2142142142142145 -11.605301315345034
4.2192192192192195 -12.943573837217865
4.2242242242242245 -8.798666791260395
4.2292292292292295 -11.292045367130687
4.2342342342342345 -13.942352411153202
4.2392392392392395 -13.830827890129576
4.2442442442442445 -9.336061710029579
4.2492492492492495 -16.6514508088589
4.2542542542542545 -10.831218208726387
4.2592592592592595 -16.39797703011165
4.2642642642642645 -13.185787135582395
4.2692692692692695 -11.624232015985804
4.2742742742742745 -10.679795798604793
4.2792792792792795 -15.378586590920897
4.2842842842842845 -7.920516330968844
4.2892892892892895 -12.419226827385298
4.2942942942942945 -12.085072687175629
4.2992992992992995 -10.832342892575195
4.3043043043043046 -11.720006496455749
4.3093093093093096 -11.854756211032946
4.314314314314315 -15.830468045744091
4.31931931931932 -11.94654303376587
4.324324324324325 -7.826920738879693
4.32932932932933 -11.646198413755371
4.334334334334335 -13.837751001408993
4.33933933933934 -14.08199094978723
4.344344344344345 -9.698984604347896
4.34934934934935 -14.636287724534352
4.354354354354355 -8.246497143494762
4.35935935935936 -15.97953376002997
4.364364364364365 -12.608827837849613
4.36936936936937 -14.619035056030544
4.374374374374375 -14.947335812656167
4.37937937937938 -9.724412699857659
4.384384384384385 -8.72091744572784
4.38938938938939 -14.277427677665273
4.394394394394395 -13.415314156059885
4.3993993993994 -13.72668023183508
4.404404404404405 -11.839594107462071
4.40940940940941 -12.135862643032063
4.414414414414415 -16.04563533249179
4.41941941941942 -13.282048602627253
4.424424424424425 -11.144852983173838
4.42942942942943 -17.54764962930556
4.434434434434435 -16.791898336385493
4.43943943943944 -15.53620520129078
4.444444444444445 -14.634380085813142
4.44944944944945 -19.606198585875692
4.454454454454455 -12.864091020791335
4.45945945945946 -15.630347136200228
4.464464464464465 -14.20001670943413
4.46946946946947 -11.195619428222992
4.474474474474475 -14.938803014022113
4.47947947947948 -8.225161257904379
4.484484484484485 -13.275873255705331
4.48948948948949 -13.50219967432956
4.494494494494495 -12.676534584247058
4.4994994994995 -8.807237191113533
4.504504504504505 -11.997383727890071
4.50950950950951 -16.845286121255835
4.514514514514515 -15.353389145500692
4.51951951951952 -16.75615196153353
4.524524524524525 -15.526278726024572
4.52952952952953 -12.198476430225618
4.534534534534535 -13.759975360768149
4.53953953953954 -14.256683428659404
4.544544544544545 -15.830959625089186
4.54954954954955 -21.435635059110446
4.554554554554555 -15.358982491692469
4.55955955955956 -14.568250096281858
4.564564564564565 -14.564484132845877
4.56956956956957 -14.066754272090062
4.574574574574575 -11.096219462204612
4.57957957957958 -14.455361517366125
4.584584584584585 -13.562983092194077
4.58958958958959 -13.3499986440724
4.594594594594595 -15.736034889856416
4.5995995995996 -14.984313774292854
4.604604604604605 -11.947148895230983
4.60960960960961 -12.333225074397955
4.614614614614615 -13.904426277013872
4.61961961961962 -12.63209892673887
4.624624624624625 -18.926592737975866
4.62962962962963 -18.982149944027448
4.634634634634635 -15.136120762821523
4.63963963963964 -11.258210030794585
4.644644644644645 -15.758669043022202
4.64964964964965 -14.22038803790403
4.654654654654655 -11.156655988034057
4.65965965965966 -16.70281369582048
4.664664664664665 -10.628845288213766
4.66966966966967 -16.35953448517955
4.674674674674675 -17.340834720363965
4.67967967967968 -13.128860739222539
4.684684684684685 -10.936262120416632
4.68968968968969 -16.257771405155808
4.694694694694695 -19.60210935316219
4.6996996996997 -12.569043165524196
4.704704704704705 -19.34401393181647
4.70970970970971 -12.621370852136241
4.714714714714715 -15.41993423069572
4.71971971971972 -13.559030097633634
4.724724724724725 -15.30336909273668
4.72972972972973 -13.735797182028772
4.734734734734735 -12.836666499014214
4.73973973973974 -13.63996239980452
4.744744744744745 -15.79866483064567
4.74974974974975 -15.524576912475919
4.754754754754755 -13.14039645391221
4.75975975975976 -14.530530395752873
4.764764764764765 -13.479719061888442
4.76976976976977 -19.762795490147028
4.774774774774775 -15.809589671770162
4.77977977977978 -22.922738636285953
4.784784784784785 -14.961710900318884
4.78978978978979 -14.811320051537084
4.794794794794795 -11.068287620671352
4.7997997997998 -14.301288215730445
4.804804804804805 -10.13375316288029
4.80980980980981 -19.9319047404326
4.814814814814815 -10.539248181087371
4.81981981981982 -13.155879253250962
4.824824824824825 -11.24504156733429
4.82982982982983 -15.31828917665845
4.834834834834835 -11.386533153397075
4.83983983983984 -12.167087648821237
4.844844844844845 -15.297922529112501
4.84984984984985 -17.61867049137757
4.854854854854855 -16.817306903298924
4.85985985985986 -14.619606219394399
4.864864864864865 -13.965658068429391
4.86986986986987 -16.591605872427685
4.874874874874875 -16.27277732612811
4.87987987987988 -16.214311431178643
4.884884884884885 -18.615246619500002
4.88988988988989 -15.205258874188306
4.894894894894895 -11.774310362004867
4.8998998998999 -17.352762593747045
4.904904904904905 -18.0460378345817
4.90990990990991 -16.257047570145378
4.914914914914915 -21.517474805057756
4.91991991991992 -13.247574225328428
4.924924924924925 -17.8724213596098
4.92992992992993 -16.35864448477826
4.934934934934935 -14.970181982463256
4.93993993993994 -15.394200412262986
4.944944944944945 -22.536062501176694
4.94994994994995 -14.852948342520065
4.954954954954955 -15.098324032130403
4.95995995995996 -16.824165904900916
4.964964964964965 -15.441344929229182
4.96996996996997 -17.47624954735698
4.974974974974975 -20.01025034864958
4.97997997997998 -17.13416423452547
4.984984984984985 -16.00611937445459
4.98998998998999 -18.890559574409842
4.994994994994995 -15.921230036575377
5.0 -17.406179872204497
