0 0.3220068452821374 0.0 0.0
1 -0.2727692992092063 0.006211140187697598 0.009999833334166664
2 -0.0806920228122873 0.012422040758088011 0.01999866669333308
3 -0.11858853767240898 0.018632462103108163 0.02999550020249566
4 -0.20159877035519944 0.024842164633182836 0.03998933418663416
5 0.00423986291007275 0.031050908786467712 0.04997916927067833
6 -0.39297451782395304 0.037258455038091345 0.059964006479444595
7 -0.025749367139685425 0.043464563909395695 0.06994284733753277
8 0.35466218298436125 0.04966899597717488 0.0799146939691727
9 0.08433839843613719 0.05587151188291185 0.08987854919801104
10 0.6038781816573318 0.06207187234201242 0.09983341664682815
11 0.2063504750620192 0.06826983815303661 0.10977830083717481
12 0.021837569196041184 0.07446517020692671 0.11971220728891936
13 0.08406084171354974 0.08065762949623176 0.12963414261969486
14 -0.04809963692113331 0.0868469771243281 0.1395431146442365
15 0.37820826773087296 0.09303297431463574 0.14943813247359922
16 -0.18193028081504545 0.09921538241983002 0.15931820661424598
17 -0.034693495043474215 0.10539396293104827 0.16918234906699603
18 -0.07571514957554096 0.11156847748709113 0.17902957342582418
19 0.3282797112564324 0.1177386878836183 0.18885889497650057
20 0.7002322842633423 0.12390435608233803 0.19866933079506122
21 0.23317019112900159 0.1300652442201904 0.20845989984609956
22 0.1867541112383833 0.13622111461852368 0.21822962308086932
23 -0.02864195590204177 0.14237172979226365 0.2279775235351884
24 -0.051264550783334306 0.1485168524590756 0.23770262642713458
25 0.41906161589846674 0.15465624554851806 0.24740395925452294
26 -0.06450119857367159 0.160789672211189 0.2570805518921551
27 0.08387031723034938 0.1669168958278629 0.26673143668883115
28 0.19855252711494814 0.17303768001861924 0.27635564856411376
29 0.8279195941038745 0.17915178865196188 0.28595222510483553
30 0.9326976732165804 0.18525898585392847 0.29552020666133955
31 0.04036612815749624 0.19135903601719031 0.3050586364434435
32 1.0030306963524758 0.19745170381014163 0.31456656061611776
33 0.677406302788575 0.2035367541859785 0.32404302839486837
34 0.7505965147759707 0.2096139523917665 0.3334870921408144
35 0.0715643732503552 0.21568306397749715 0.34289780745545134
36 0.29506633988053577 0.22174385480513287 0.35227423327508994
37 0.16708854141961496 0.2277960910576394 0.361615431964962
38 0.4390857666561691 0.2338395392480065 0.3709204694129827
39 0.6912051919182274 0.2398739662282552 0.3801884151231614
40 0.5141678124576514 0.24589913919843248 0.3894183423086505
41 0.7138043966653402 0.2519148257155926 0.3986093279844229
42 0.8988324650071922 0.25792079370276405 0.40776045305957015
43 1.1561849760741107 0.26391681145790297 0.41687080242921076
44 1.0473376745845562 0.26990264766283184 0.4259394650659996
45 1.0352005959732544 0.2758780713921635 0.43496553411123023
46 0.822315475062681 0.28184285212220994 0.4439481069655198
47 0.555986273662587 0.2877967597398754 0.4528862853790683
48 0.44658529348849324 0.29373956455153394 0.4617791755414829
49 0.5193705707087545 0.2996710372918908 0.470625888171158
50 1.1592649195371083 0.3055909491328271 0.479425538604203
51 1.0479004277881252 0.3114990716922275 0.48817724688290753
52 0.3188587206981984 0.31739517704279124 0.49688013784373675
53 1.271852325792969 0.3232790377208249 0.5055333412048469
54 0.6860709414156423 0.32915042673501793 0.5141359916531132
55 0.45171598902811544 0.3350091175751994 0.5226872289306592
56 0.7313587708374362 0.3408548842210768 0.5311861979208834
57 0.8435736604765602 0.34668750115095526 0.5396320487339692
58 0.558952555099553 0.35250674335043797 0.5480239367918736
59 0.9079106879111822 0.358312386321107 0.5563610229127838
60 0.5937800060586162 0.3641042060891841 0.5646424733950354
61 1.367457237809832 0.36988197921417126 0.5728674601004813
62 0.8054049515679265 0.37564548279747095 0.5810351605373051
63 0.9666699558910106 0.3813944944909848 0.5891447579422695
64 1.1789776822781701 0.3871287925056919 0.5971954413623921
65 1.3138766287513164 0.39284815562020503 0.6051864057360395
66 1.4153682881283105 0.398552363189305 0.6131168519734338
67 0.5453792603395584 0.4042411951524527 0.6209859870365597
68 1.4459587563839533 0.40991443204227923 0.6287930240184686
69 1.350180160571951 0.415571854993052 0.6365371822219679
70 1.0643973661526118 0.4212132457491188 0.644217687237691
71 1.3173272145121504 0.42683838667332746 0.6518337710215366
72 0.654567246815446 0.4324470607554223 0.6593846719714731
73 1.1952785930944185 0.43803905162041573 0.6668696350036979
74 0.9429803734311643 0.44361414353693596 0.674287911628145
75 0.966540297818467 0.44917212142554974 0.6816387600233342
76 0.9229956147540308 0.4547127708670594 0.6889214451105513
77 1.0082440923174187 0.4602358781107752 0.6961352386273567
78 1.2077223235668348 0.46574123008276147 0.7032794192004101
79 1.0645582616705092 0.47122861439405656 0.7103532724176078
80 0.76865053258356 0.4766978193488668 0.7173560908995228
81 1.1566670831372052 0.4821486339527331 0.7242871743701425
82 1.2302693398429538 0.4875808479206712 0.7311458297268958
83 1.5719120953242203 0.4929942516852837 0.7379313711099627
84 1.0367203627281398 0.4983886364048455 0.7446431199708593
85 1.743320788740712 0.50376379397136 0.7512804051402926
86 1.4526047522378502 0.5091195170185879 0.757842562895277
87 0.7814829299779746 0.5144555989300474 0.7643289370255051
88 1.2310542050865299 0.5197718338469848 0.7707388788989693
89 0.8304422432341317 0.525068016676316 0.7770717475268238
90 1.6618005887806022 0.5303439430985394 0.7833269096274833
91 0.8531876669777124 0.535599409575618 0.7895037396899504
92 1.6177042218394424 0.5408342133588315 0.795601620036366
93 1.4902259250355547 0.5460481524965978 0.8016199408837772
94 1.1048086628445084 0.5512410258422646 0.8075581004051142
95 1.4215315607747039 0.556412633061869 0.8134155047893737
96 1.3348761485958862 0.5615627746418664 0.8191915683009983
97 1.5672154696412826 0.5666912518968271 0.82488571333845
98 0.9133923945175368 0.5717978669771013 0.8304973704919705
99 1.716517824506646 0.5768824228764525 0.8360259786005204
100 1.517423305185813 0.5819447234396568 0.8414709848078965
101 1.3337812267999904 0.586984573370071 0.8468318446180152
102 1.9371085782858797 0.5920017782371669 0.8521080219493629
103 1.2794141899306566 0.5969961444840315 0.8572989891886034
104 1.9051771333709149 0.6019674794348346 0.8624042272433384
105 1.5952765744442183 0.6069155913022625 0.8674232255940169
106 1.0322703195939018 0.6118402891949157 0.8723554823449863
107 1.5938339367362933 0.6167413831246741 0.8772005042746817
108 1.7816617488163038 0.6216186840140264 0.8819578068849475
109 1.1505272003653555 0.6264720037033641 0.8866269144494873
110 1.1056519448188795 0.6313011549582408 0.8912073600614354
111 1.572506686940633 0.6361059514765954 0.8956986856800477
112 1.7788062156834226 0.6408862078959389 0.9001004421765051
113 1.7643789816568631 0.6456417398005061 0.9044121893788258
114 1.3589275735507362 0.6503723637283699 0.9086334961158832
115 1.7904330202151204 0.6550778971785186 0.912763940260521
116 1.572298504917225 0.6597581586178971 0.9168031087717669
117 1.2880926526113279 0.6644129674884101 0.9207505977361357
118 1.7616884126173442 0.6690421442138872 0.9246060124080203
119 1.4195251091799828 0.6736455102070115 0.9283689672491666
120 1.5878659318714001 0.6782228878762089 0.9320390859672263
121 1.3575666760437946 0.6827741006324994 0.9356160015533859
122 1.709619580579481 0.6872989728963094 0.9390993563190676
123 1.5195279207283536 0.6917973301042456 0.9424888019316975
124 1.4121374154340092 0.6962689987158294 0.945783999449539
125 1.4837291342515293 0.7007138062201917 0.9489846193555862
126 1.2581656942019082 0.7051315811427286 0.9520903415905158
127 2.0716039061869713 0.7095221530517157 0.9551008555846923
128 1.5761525112985515 0.7138853525648843 0.9580158602892249
129 1.5510518890756777 0.7182210113559548 0.9608350642060727
130 1.5708043678652062 0.7225289621611317 0.963558185417193
131 1.4616507038970115 0.7268090387855553 0.9661849516127341
132 1.9206839121102448 0.7310610761097136 0.9687151001182652
133 1.957153497398369 0.7352849100958129 0.9711483779210446
134 1.6494277355609888 0.7394803777941057 0.9734845416953194
135 1.395293939065665 0.743647317349177 0.9757233578266591
136 1.272153499392072 0.7477855680061887 0.9778646024353163
137 1.7470650585380274 0.7518949701170812 0.9799080613986142
138 2.1031142795968267 0.7559753651467322 0.9818535303723597
139 1.2965396049036817 0.7600265956790737 0.9837008148112766
140 1.952192011238333 0.7640485054231633 0.9854497299884601
141 1.7386987953542423 0.768040939219215 0.9871001010138504
142 1.6726699199967858 0.7720037430445846 0.9886517628517197
143 2.040667623549419 0.7759367640197118 0.9901045603371778
144 2.0474702035044685 0.7798398504140177 0.9914583481916864
145 1.601328150495453 0.783712851651759 0.9927129910375885
146 1.5877256696906694 0.7875556183178364 0.9938683634116449
147 1.5876740859558967 0.7913680021635591 0.9949243497775809
148 1.5763884346808408 0.7951498561123643 0.99588084453764
149 1.3844978285155136 0.7989010342654908 0.9967377520431434
150 1.8122017966950779 0.8026213919076073 0.9974949866040544
151 1.5094388857561556 0.8063107855123963 0.9981524724975481
152 2.1287164716463525 0.8099690727480905 0.998710143975583
153 1.7240941588393701 0.8135961124829636 0.999167945271476
154 1.5992420894817567 0.8171917647907752 0.9995258306054791
155 1.5022723164507217 0.8207558909561692 0.999783764189357
156 2.01935824935107 0.8242883534800248 0.9999417202299663
157 1.8901287568469909 0.8277890160847615 0.9999996829318346
158 1.7934478267698415 0.8312577437195962 0.9999576464987401
159 2.288801162653369 0.8346944025657531 0.9998156151342908
160 2.244116933319704 0.8380988600416268 0.9995736030415051
161 1.8890704975826997 0.8414709848078965 0.9992316344213905
162 2.2907245731298898 0.8448106467725933 0.998789743470524
163 1.809628067373725 0.848117717096119 0.9982479743776325
164 1.3897326410776825 0.8513920681962163 0.9976063813191737
165 1.5912431011107615 0.8546335737528908 0.9968650284539189
166 1.4914092575781206 0.8578421087132844 0.9960239899165367
167 2.0034995365042656 0.8610175492964995 0.9950833498101802
168 1.3807243487275542 0.8641597729983743 0.994043202198076
169 2.215830355633368 0.8672686585962095 0.9929036510941185
170 1.9924781421760913 0.8703440861534434 0.9916648104524686
171 1.7239245410968735 0.8733859370242806 0.990326804156158
172 1.3822330988959801 0.876394093858268 0.9888897660047015
173 1.8375428189046068 0.8793684406048227 0.9873538397007164
174 1.8761876857505349 0.8823088625177086 0.9857191788355535
175 1.9489797813994656 0.8852152461594632 0.9839859468739369
176 1.4516121981304102 0.8880874794057746 0.9821543171376185
177 2.055322766421277 0.8909254514498058 0.9802244727880455
178 1.5447494210023351 0.893729052806471 0.9781966068080447
179 1.849560784405662 0.8964981753166578 0.9760709219825242
180 1.5216020551383975 0.899232712151401 0.9738476308781951
181 1.72507811065196 0.9019325578160037 0.9715269558223153
182 1.6045566887215892 0.9045976081541065 0.9691091288804563
183 1.7926256281441644 0.9072277603517067 0.9665943918332975
184 2.2354103798985108 0.9098229129411239 0.9639829961524481
185 2.2384521988154824 0.9123829658049148 0.9612752029752999
186 1.857001134559221 0.9149078201797357 0.9584712830789142
187 1.7457667824127021 0.9173973786601526 0.955571516852944
188 2.1256266286912986 0.9198515452023985 0.9525761942715953
189 1.9332787257273136 0.9222702251280795 0.9494856148646305
190 1.6535445274124294 0.9246533251278268 0.9463000876874145
191 2.010765287541832 0.9270007532648965 0.9430199312900106
192 2.3177272223689123 0.9293124189787164 0.9396454736853249
193 1.5712590834573774 0.9315882330883799 0.9361770523163061
194 1.9792944016627838 0.9338281077960862 0.9326150140222005
195 1.7385373517389096 0.9360319566905275 0.9289597150038693
196 2.2683430775877644 0.938199694750223 0.9252115207881683
197 2.1715760392571126 0.9403312383467982 0.9213708061913954
198 1.6124311642209639 0.942426505248212 0.9174379552818098
199 1.4582582623809472 0.9444854146219281 0.9134133613412252
200 2.259006272640156 0.9465078870380345 0.9092974268256817
201 2.0323385962870404 0.9484938444723069 0.905090563325201
202 1.5797413338480617 0.9504432103092194 0.9007931915226273
203 1.7865832675493096 0.9523559093448999 0.89640574115156
204 2.3437885039960804 0.9542318677900312 0.8919286509533796
205 1.5612126231172514 0.9560710132726983 0.8873623686333755
206 2.282856511404953 0.9578732748411796 0.8827073508159741
207 1.9085150279140104 0.9596385829666849 0.8779640629990781
208 1.795947828289104 0.9613668695460372 0.8731329795075164
209 1.3862416454849664 0.9630580679043003 0.8682145834456126
210 1.4196950100352412 0.9647121127973507 0.8632093666488738
211 1.4178898008687641 0.9663289404143951 0.8581178296348089
212 1.882079807980112 0.9679084883804319 0.8529404815528763
213 1.6927202172522031 0.9694506957586572 0.8476778401335698
214 1.8799746074222408 0.9709555030528164 0.8423304316366457
215 2.1600744410683563 0.9724228522094988 0.8368987907984978
216 1.7672283202477566 0.9738526866203776 0.8313834607786832
217 2.1064766496144567 0.9752449511243937 0.8257849931056082
218 2.036944205962913 0.9765995920098837 0.8201039476213742
219 2.027679718931987 0.9779165570166518 0.814340892425796
220 1.8136503090482496 0.9791957953379865 0.8084964038195901
221 1.4088153558233354 0.9804372576226201 0.8025710662467473
222 1.56630544146109 0.981640895976633 0.7965654722360865
223 2.15355221862075 0.9828066639653008 0.7904802223420048
224 2.1959558444643115 0.9839345166148865 0.7843159250844198
225 1.8700929695619772 0.9850244104143749 0.7780731968879213
226 2.2371774352705183 0.9860763033171516 0.771752662020126
227 1.4046293682098532 0.9870901547426246 0.7653549525292536
228 2.0962058323358477 0.9880659255777904 0.7588807081809221
229 1.502979599291613 0.9890035781787424 0.7523305763941708
230 1.966932112615344 0.9899030763721239 0.7457052121767203
231 1.7374716462091948 0.9907643854565227 0.7390052780594709
232 1.4295810044788193 0.9915874722038104 0.7322314440302515
233 1.5507259602265548 0.9923723048604243 0.7253843874668195
234 1.9315409936912782 0.993118853148592 0.7184647930691263
235 1.8008608417619785 0.9938270882675002 0.7114733527908443
236 1.7115316529267965 0.994496982894405 0.7044107657701761
237 1.914427787246224 0.9951285111856865 0.6972777382599378
238 1.3232366840004466 0.9957216487778454 0.6900749835569364
239 1.973806178161436 0.9962763727884434 0.6828032219306397
240 1.7501651231679225 0.9967926618169857 0.675463180551151
241 1.7781875330327874 0.9972704959457465 0.6680555934164909
242 1.6565714546011632 0.9977098567405375 0.6605812012792007
243 1.8050550273921737 0.9981107272514194 0.6530407515722648
244 1.9441772377474655 0.9984730920133551 0.6454349983343707
245 1.594361134375452 0.998796937046807 0.6377647021345036
246 1.403514903188444 0.9990822498582759 0.6300306299958922
247 1.3153121570018205 0.999329019440783 0.6222335553193046
248 1.744942931645613 0.9995372362742949 0.6143742578057118
249 1.884432257007802 0.9997068923260906 0.6064535233783147
250 1.371320106220478 0.9998379810510709 0.5984721441039564
251 1.9632412855032655 0.9999304973920121 0.590430918113913
252 1.8776003835120538 0.9999844377797601 0.5823306495240819
253 1.28111085988145 0.9999998001333682 0.5741721483545726
254 1.7459941567022343 0.999976583860178 0.5659562304487028
255 1.1702383869443813 0.9999147898558415 0.557683717391417
256 1.540891466428314 0.9998144205042869 0.5493554364271266
257 1.4957726436889711 0.9996754796776269 0.5409722203769886
258 1.835565913007806 0.9994979727360088 0.5325349075556212
259 1.4375244945690424 0.9992819065274081 0.5240443416872761
260 1.4637699582862216 0.9990272893873641 0.5155013718214642
261 1.881418712835195 0.9987341311386582 0.5069068522480534
262 1.3562904024958407 0.9984024430909354 0.49826164241183857
263 1.8048032003537366 0.9980322380402677 0.4895666068265995
264 1.704183300502705 0.9976235302686606 0.4808226149886482
265 1.3787686856879842 0.9971763355435016 0.47203054128988264
266 1.7214866689113293 0.9966906711169526 0.4631912649303451
267 1.766968897659896 0.9961665557252842 0.45430566983030646
268 1.1470807685886086 0.9956040095881523 0.44537464454187115
269 1.0714556122469998 0.9950030544078188 0.4363990821601263
270 1.4788736867715446 0.994363713368314 0.4273798802338298
271 1.1970838156370334 0.9936860111345421 0.418317940675659
272 1.1731702213742026 0.99296997385133 0.4092141696720173
273 1.2742454143472095 0.9922156291424183 0.4000694775924195
274 1.7989110603542984 0.9914230061093958 0.3908847788984522
275 0.95383871097275 0.9905921353305768 0.38166099205233167
276 1.4259821461211146 0.9897230488598214 0.3723990394250557
277 1.4450945620193667 0.9888157802252989 0.3630998472041683
278 1.5819162412299934 0.9878703644281944 0.3537643453011431
279 1.2590734476115615 0.9868868379413583 0.34439346725839
280 1.7324035151839494 0.9858652387078995 0.33498815015590505
281 1.3614655998442418 0.9848056061397216 0.32554933451756
282 1.4845807471673287 0.9837079811160019 0.3160779642170538
283 1.045927416772437 0.9825724059816152 0.30657498638352293
284 1.3567769346659408 0.9813989245454995 0.2970413513068324
285 1.2718031374037224 0.9801875820789663 0.2874780123425444
286 1.3579382342911939 0.9789384253139537 0.2778859258165868
287 1.0336772360312592 0.9776515024412242 0.2682660509296179
288 1.7100883383373464 0.9763268631085048 0.2586193496611108
289 1.723412468084661 0.9749645584185723 0.24894678667315256
290 1.4539577683959832 0.9735646409272812 0.2392493292139824
291 1.6098874148337603 0.972127164641537 0.2295279470212642
292 1.6271124560999757 0.9706521850172118 0.21978361222511694
293 1.4165983643303717 0.9691397589570055 0.21001729925089913
294 0.9141462278505863 0.9675899448082503 0.2002299847217705
295 0.730890912713267 0.9660028023606597 0.19042264736102704
296 1.3529523369980496 0.9643783928440223 0.18059626789423291
297 1.6122112866504217 0.9627167789258388 0.17075182895114532
298 1.5617337308688408 0.9610180247089055 0.16089031496745576
299 0.9824769500479267 0.9592821957288404 0.15101271208634381
300 1.2998603561807183 0.9575093589515554 0.1411200080598672
301 0.8420279578670006 0.9556995827706724 0.13121319215018423
302 1.0733243185730983 0.9538529370048853 0.12129325503062975
303 1.4654071902399792 0.9519694928952661 0.11136118868665003
304 0.9114058673580829 0.9500493231025169 0.10141798631660187
305 0.981173228820835 0.9480925017041661 0.0914646422324372
306 1.4060263714457941 0.9460991041917114 0.08150215176026913
307 1.2917010830552969 0.9440692074677067 0.0715315111408437
308 0.807960721975991 0.942002889842796 0.06155371742991315
309 0.7246389709400167 0.9399002310326917 0.05156976839853464
310 1.003382499785577 0.9377613121550994 0.04158066243329049
311 0.6472089457474679 0.9355862157265888 0.031587398436453896
312 1.219591650477043 0.93337502565941 0.02159097572609596
313 1.0213265519792847 0.9311278272582565 0.011592393936158277
314 1.0633112833888205 0.9288447072169741 0.0015926529164868282
315 1.0886220320175184 0.9265257536152163 -0.008407247367148617
316 0.48363059672737707 0.9241710559150467 -0.01840630693305381
317 0.7027056412768915 0.921780704957487 -0.02840352588360379
318 1.0641000866995005 0.9193547929590135 -0.03839790450523538
319 1.2552690389900496 0.9168934135079981 -0.04838844336841414
320 0.8903644720210975 0.9143966615610994 -0.058374143427580086
321 0.6708589968494812 0.9118646334395981 -0.06835400612104778
322 0.988722410993785 0.9092974268256817 -0.0783270334708653
323 1.2634984929066968 0.9066951407586759 -0.0882922281826076
324 0.9732487136676492 0.9040578756312235 -0.09824859374510868
325 0.6793545816935205 0.901385733185412 -0.10819513453010837
326 0.3391128129094185 0.8986788165088486 -0.11813085589181736
327 0.8529658410198184 0.8959372300306823 -0.12805476426637968
328 0.9893353313801198 0.8931610795175754 -0.13796586727122687
329 1.2259723762147297 0.8903504720696239 -0.14786317380431852
330 0.8142107172861607 0.8875055161162259 -0.1577456941432482
331 1.0941949080506153 0.8846263214118968 -0.16761244004421832
332 0.809112819698051 0.881712999032037 -0.17746242484086017
333 0.40926729753680074 0.8787656613686456 -0.1872946635429032
334 0.5983726457186409 0.8757844221259852 -0.19710817293466987
335 0.6980677647938237 0.8727693963161951 -0.20690197167339977
336 0.9646229725314082 0.8697207002548537 -0.21667508038737965
337 0.9135488388313158 0.8666384515564924 -0.22642652177388317
338 0.5307605799292945 0.8635227691300569 -0.23615532069689701
339 0.8197516865794797 0.8603737731743211 -0.24586050428463704
340 0.6013396542910477 0.8571915851732488 -0.2555411020268312
341 0.352519048427934 0.853976327891308 -0.2651961458717734
342 0.7480204540950461 0.8507281253687341 -0.274824670323124
343 0.9510606238190024 0.8474471029167449 -0.28442571253646254
344 0.6950778872551412 0.8441333871127068 -0.2939983124155676
345 0.17808122932248238 0.8407871057952504 -0.30354151270842933
346 1.0015242681247778 0.8374083880593397 -0.31305435910297025
347 0.8077460421143163 0.833997364251291 -0.322535900322479
348 0.9725915511588203 0.8305541659637456 -0.3319851882207341
349 0.8655296172492353 0.8270789260305917 -0.34140127787682095
350 0.06838385644796102 0.8235717785218403 -0.35078322768961984
351 -0.023341465427743735 0.8200328587384533 -0.36013009947196817
352 0.888373886808338 0.8164623032071235 -0.3694409585444771
353 0.41326011145406816 0.8128602496750083 -0.3787148738289976
354 0.6908676486908535 0.8092268371044138 -0.3879509179417303
355 0.27606849890600216 0.8055622056674359 -0.3971481672859598
356 0.22023327041236013 0.8018664967405509 -0.4063057021444168
357 0.7915509412986055 0.7981398528991634 -0.4154226067712459
358 0.4095959490423143 0.794382417912104 -0.4244979694835826
359 0.30336338205193053 0.7905943367360835 -0.43353088275271773
360 0.1985215524861354 0.7867757555101011 -0.44252044329485246
361 0.09781776690685962 0.7829268215498062 -0.45146575216142315
362 0.5136917993141497 0.7790476833418157 -0.4603659148289983
363 0.28934509323005314 0.7751384905379844 -0.46922004128872713
364 0.5652154833690867 0.7711993939496329 -0.47802724613534286
365 0.35215103584122864 0.7672305455417283 -0.4867866486556994
366 -0.10835745467315666 0.7632320984270236 -0.495497372916845
367 0.07553086008254362 0.7592042068601479 -0.5041585478536115
368 0.5442691196486165 0.7551470262316581 -0.5127693073557238
369 0.2613580057706807 0.7510607130620425 -0.5213287903544065
370 -0.15882718346575075 0.7469454249956838 -0.5298361409084934
371 0.601967288505323 0.7428013207947761 -0.5382905082900177
372 0.3501767490278198 0.7386285603332008 -0.5466910470692872
373 0.6368567399638836 0.7344273045903584 -0.5550369171994238
374 -0.30416138878648846 0.7301977156449584 -0.56332728410037
375 0.4488786842690409 0.7259399566687676 -0.5715613187423438
376 -0.16608364319586189 0.721654191920313 -0.5797381977287428
377 0.3863968423420001 0.7173405867385465 -0.5878571033784827
378 -0.03179839581297261 0.7129993075364653 -0.5959172238077639
379 0.02123063882288867 0.708630521794694 -0.6039177530112606
380 0.18400544692879206 0.7042343980550202 -0.6118578909427189
381 0.44236365140828093 0.6998111059138953 -0.6197368435949633
382 -0.07440272939570991 0.6953608160158901 -0.6275538230792934
383 -0.10736206846871177 0.6908837000471115 -0.6353080477042756
384 -0.14053075902501722 0.686379930728581 -0.6429987420539088
385 0.4266232826860251 0.6818496818095685 -0.6506251370651673
386 0.09740414439190903 0.6772931280608914 -0.6581864701049049
387 -0.21217680124924265 0.6727104452681711 -0.6656819850461192
388 -0.2704379509020819 0.6681018102250528 -0.6731109323435617
389 0.35229916521870563 0.663467400726383 -0.680472569108694
390 -0.15108666036160268 0.6588073955613519 -0.6877661591839738
391 0.24800663544573465 0.6541219745065956 -0.694990973216472
392 -0.32841948057918235 0.6494113183192602 -0.7021462887308054
393 0.00038554135036705794 0.6446756087300298 -0.709231390201386
394 0.20208988021752228 0.6399150284361133 -0.7162455691239705
395 -0.10825156896669663 0.6351297610941978 -0.7231881240865121
396 0.30539744301881677 0.6303199913133631 -0.7300583608392995
397 0.005516395360465665 0.6254859046479601 -0.7368555923643834
398 0.1577091302034742 0.6206276875904512 -0.7435791389442745
399 -0.05410890603572227 0.6157455275642164 -0.7502283282299189
400 0.2757435593264945 0.6108396129163234 -0.7568024953079282
401 -0.3376793465665793 0.6059101329102595 -0.7633009827670734
402 -0.6047382314811498 0.6009572777186333 -0.7697231407640238
403 -0.3742727073595289 0.5959812384158344 -0.7760683270883323
404 -0.30047345995603036 0.5909822069706645 -0.7823359072266527
405 0.08461941480372637 0.5859603762389302 -0.7885252544261949
406 -0.7073182630123828 0.5809159399560044 -0.7946357497573968
407 0.26283138299057807 0.5758490927293508 -0.8006667821758177
408 -0.39280755110731824 0.5707600300310164 -0.8066177485832405
409 0.24196375615208177 0.565648948190091 -0.8124880538879842
410 -0.36068428520427187 0.5605160443851327 -0.8182771110644103
411 0.13604330174642798 0.5553615166365621 -0.8239843412116258
412 0.06308726326741987 0.5501855637990206 -0.8296091736113709
413 -0.0985873109484412 0.5449883855537013 -0.8351510457850935
414 0.07889941408307555 0.5397701824006438 -0.8406094035501945
415 -0.10488154679825745 0.5345311556510008 -0.8459837010754465
416 -0.6057107785090652 0.5292715074192704 -0.8512734009355745
417 0.013030731475367152 0.5239914406154992 -0.856477974165001
418 0.015579471631289588 0.5186911589374547 -0.8615969003107404
419 0.05137205216549923 0.513370866862766 -0.8666296674844443
420 -0.3316558478869893 0.5080307696410375 -0.8715757724135881
421 -0.21606301127240235 0.5026710732859277 -0.8764347204918014
422 -0.8775343143166516 0.4972919845672034 -0.8812060258283253
423 -0.06141266831071068 0.4918937110027618 -0.8858892112966027
424 -0.898010318170305 0.48647646085062657 -0.8904838085819885
425 -0.5457688168539223 0.4810404431009109 -0.8949893582285835
426 -0.4911327154544129 0.47558586746775683 -0.8994054096851777
427 -0.3314367280486794 0.47011294438124407 -0.9037315213503053
428 -0.18163276053008193 0.4646218849792717 -0.9079672606164054
429 0.01655240083283316 0.4591129010994142 -0.9121122039130803
430 -0.7808872349740883 0.45358620527074683 -0.9161659367494549
431 -0.32599131376684787 0.44804201070564803 -0.9201280537556237
432 -0.09291771011156935 0.44248053129157316 -0.9239981587231879
433 -0.3100824134877087 0.4369019815828046 -0.9277758646448755
434 -0.6046506239529876 0.4313065767921723 -0.9314607937532425
435 -0.16661015446484484 0.42569453278275265 -0.9350525775584491
436 -0.23501133192977608 0.4200660660595403 -0.9385508568851079
437 -0.9731769577993672 0.4144213937610953 -0.941955281908201
438 -0.8546026069399253 0.4087607336511682 -0.9452655121880633
439 -0.451829030907385 0.40308430411029594 -0.9484812167044256
440 -0.10726909122392292 0.39739232412737907 -0.9516020738895161
441 -0.6264516647862177 0.39168501329123256 -0.9546277716602164
442 -0.455659727413815 0.3859625917821161 -0.9575580074492711
443 -0.5531234984810598 0.38022528036323716 -0.9603924882355434
444 -0.4108419459862609 0.3744733003722359 -0.9631309305733167
445 -0.4436710895363195 0.36870687371264593 -0.9657730606206388
446 -0.15492425120637043 0.3629262228453344 -0.9683186141667072
447 -0.4981598942834857 0.357131570779918 -0.9707673366582883
448 -0.9384398361128685 0.3513231410661608 -0.9731189832251739
449 -0.48777504040553105 0.3455011577853499 -0.9753733187046665
450 -0.5222896991311978 0.33966584554164997 -0.977530117665097
451 -0.23848759710397904 0.33381742945344006 -0.9795891644283669
452 -1.0587627613651238 0.32795613514462657 -0.9815502530915153
453 -1.0970542860684738 0.32208218873594036 -0.9834131875473108
454 -0.8022724453202432 0.3161958168362126 -0.9851777815038595
455 -0.405338000209046 0.31029724653363433 -0.9868438585032365
456 -0.8319734355031077 0.30438670538699286 -0.9884112519391305
457 -0.48475876738485246 0.29846442141689483 -0.9898798050735039
458 -0.910311885606542 0.29253062309696903 -0.991249371052267
459 -0.8155799655101353 0.2865855393450517 -0.9925198129199632
460 -0.8426344428685792 0.28062939951435684 -0.9936910036334644
461 -0.9213432131714845 0.2746624333846256 -0.9947628260746756
462 -0.436579160340108 0.2686848711532635 -0.9957351730622453
463 -0.4706321282855781 0.2626969434264586 -0.9966079473622855
464 -0.9851602885681077 0.2566988812102871 -0.9973810616980933
465 -0.5282383169618816 0.25069091590179854 -0.9980544387588794
466 -0.7008980066107676 0.24467327928009064 -0.9986280112074989
467 -0.7675232089114252 0.23864620349736726 -0.9991017216871848
468 -0.5175216919289947 0.2326099210699818 -0.999475522827284
469 -0.8902206716874976 0.22656466486946863 -0.999749377247994
470 -0.42151443157001933 0.22051066811355682 -0.9999232575641008
471 -0.9303897191975303 0.2144481643571745 -0.999997146387718
472 -0.3199858923625951 0.20837738748343793 -0.9999710363300245
473 -0.3302211812783321 0.2022985716946301 -0.9998449300020044
474 -0.6753062587105383 0.19621195150316317 -0.9996188400141854
475 -0.9066058210007507 0.19011776172253292 -0.999292788975378
476 -0.9716040924893403 0.1840162374582595 -0.9988668094904142
477 -1.1886396326133097 0.17790761409881703 -0.9983409441568876
478 -0.5360236114714056 0.1717921273065543 -0.9977152455608933
479 -0.40080878951428744 0.16567001300860068 -0.9969897762717695
480 -0.4524274555166663 0.15954150738776612 -0.9961646088358407
481 -0.5681714453988154 0.1534068468734286 -0.9952398257691627
482 -0.5827630761459889 0.1472662681324148 -0.9942155195492713
483 -0.6070924558757201 0.1411200080598672 -0.9930917926059354
484 -0.3731090171393059 0.13496830377010677 -0.9918687573109126
485 -1.2159123344288774 0.1288113925874849 -0.9905465359667133
486 -0.7264246354948148 0.12264951203722738 -0.9891252607943698
487 -0.38908658624781567 0.11648289983627268 -0.9876050739202153
488 -0.9278129824303089 0.11031179388409866 -0.9859861273616704
489 -0.5811800202853719 0.10413643225354635 -0.9842685830120416
490 -0.9200286638015149 0.09795705318163461 -0.9824526126243325
491 -0.4122314521120295 0.09177389506037105 -0.9805383977940689
492 -1.0607138192916636 0.08558719642755248 -0.9785261299411385
493 -0.765796596217994 0.0793971959575643 -0.9764160102906497
494 -0.5284883380209109 0.07320413245217222 -0.9742082498528091
495 -1.381771762695891 0.06700824483130928 -0.9719030694018208
496 -1.2383968417135973 0.06080977212386035 -0.9695006994538088
497 -0.7076541935972566 0.054608953458438074 -0.967001380243766
498 -1.188323815570944 0.04840602805415941 -0.9644053617015305
499 -1.0575854708683254 0.042201235211415965 -0.9617129034267934
500 -0.583784720258625 0.03599481430264392 -0.9589242746631385
501 -1.0245095716953112 0.029787004763086666 -0.9560397542711181
502 -0.8612613856043317 0.023578046081559542 -0.9530596307003677
503 -1.2116321637895484 0.017368177791210204 -0.9499842019607608
504 -0.5867938556097609 0.011157639460277329 -0.9468137755926089
505 -1.345410328988255 0.004946670682850174 -0.9435486686359066
506 -1.1345378646053275 -0.00126448893037729 -0.9401892075986287
507 -0.9998639591644952 -0.007475599761348468 -0.9367357284240789
508 -0.8609343005312986 -0.013686422193889162 -0.9331885764572976
509 -1.2559556361917925 -0.01989671662294986 -0.9295481064105251
510 -1.1032470118427247 -0.02610624346385203 -0.9258146823277325
511 -1.2506354292550428 -0.0323147631615292 -0.9219886775482162
512 -0.519661367800645 -0.03852203619976912 -0.918070474669267
513 -0.7128389723066444 -0.044727823110454396 -0.914060465507907
514 -0.5032396643238907 -0.05093188448279906 -0.9099590510617106
515 -0.49820842625667255 -0.057133980972587414 -0.9057666414687044
516 -0.8676607292008901 -0.06333387331140579 -0.9014836559663548
517 -1.421356964943656 -0.06953132231587407 -0.8971105228496424
518 -1.095023399448832 -0.07572608889687137 -0.8926476794282346
519 -0.8531366552486958 -0.08191793406876231 -0.8880955719827542
520 -0.6600722234695133 -0.0881066189586151 -0.8834546557201531
521 -1.3625721473946286 -0.09429190481541724 -0.8787253947281898
522 -1.3150212329105735 -0.10047355301928682 -0.8739082619290224
523 -0.8937775039122106 -0.10665132509067618 -0.8690037390319161
524 -1.0813005271346587 -0.11282498269957497 -0.8640123164850744
525 -1.2195328863708796 -0.11899428767470273 -0.8589344934265921
526 -0.9675510554719664 -0.12515900201269806 -0.8537707776345433
527 -1.2703618973602666 -0.13131888788729879 -0.8485216854762045
528 -1.3687814779694367 -0.1374737076585196 -0.8431877418564168
529 -1.2817132055989386 -0.14362322388181803 -0.8377694801650978
530 -1.2660168608472118 -0.14976719931725577 -0.8322674422239013
531 -1.0414411564253667 -0.1559053969386492 -0.8266821782320363
532 -1.0219508507947155 -0.16203757994271611 -0.8210142467112471
533 -0.5575097958388802 -0.1681635117582097 -0.8152642144499636
534 -1.1744144482863454 -0.17428295605504546 -0.8094326564466194
535 -1.40252536234138 -0.1803956767534188 -0.8035201558521559
536 -1.2375002480652113 -0.18650143803291128 -0.7975273039117043
537 -1.0345968857170762 -0.19260000434159047 -0.791454699905466
538 -0.7249172703152252 -0.19869114040509575 -0.7853029510887806
539 -0.778795830505209 -0.20477461123571558 -0.7790726726314032
540 -1.083100165461393 -0.2108501821414514 -0.7727644875559871
541 -1.4300204142063133 -0.21691761873507423 -0.7663790266757844
542 -1.189961091870536 -0.22297668694316533 -0.759916928531561
543 -0.6276755268838892 -0.2290271530151468 -0.7533788393277466
544 -1.1715654242610911 -0.23506878353229993 -0.7467654128678123
545 -1.3280586234906848 -0.24110134541676823 -0.7400773104888945
546 -0.9413116532266518 -0.24712460594055208 -0.7333152009956565
547 -0.9421589515573755 -0.25313833273448516 -0.726479760593413
548 -0.5069223017005196 -0.25914229379719994 -0.7195716728205075
549 -1.2435344176658552 -0.265136257504076 -0.7125916284799616
550 -1.4101210199377254 -0.27111999261617875 -0.7055403255703919
551 -0.6358610482639118 -0.2770932682891783 -0.6984184692162135
552 -0.935266908821449 -0.28305585408225564 -0.6912267715971271
553 -1.4237524598011977 -0.2890075199669931 -0.6839659518769006
554 -0.5146300322333572 -0.29494803633624694 -0.6766367361314568
555 -1.2065170718100657 -0.3008771740130079 -0.669239857276262
556 -0.9921716273055343 -0.30679470425924044 -0.6617760549930376
557 -1.3350407470041266 -0.31270039878470857 -0.6542460756557913
558 -1.0011098532590559 -0.31859402975578066 -0.6466506722561834
559 -0.8301287494818439 -0.3244753698042221 -0.6389906043282237
560 -1.1689448750788674 -0.3303441920359647 -0.6312666378723216
561 -1.2324089941888365 -0.3362002700398606 -0.6234795452786853
562 -1.0996186911917085 -0.34204337789641714 -0.6156301052500863
563 -0.7448032200642378 -0.34787329018651125 -0.6077191027239858
564 -0.8996773366034072 -0.35368978200008777 -0.5997473287940438
565 -1.2939687671442108 -0.35949262894483497 -0.5917155806310094
566 -0.75975321175879 -0.36528160715484187 -0.5836246614030073
567 -1.3243275786103519 -0.371056493299233 -0.575475380195217
568 -0.5554215773334846 -0.376817064590787 -0.5672685519289686
569 -0.9353899729934495 -0.38256309879452943 -0.5590049972802488
570 -1.0931890526426506 -0.3882943742363068 -0.5506855425976376
571 -0.8629113031809108 -0.39401066981133903 -0.5423110198196697
572 -0.7403555810529122 -0.3997117649927475 -0.5338822663916443
573 -1.0242990731524841 -0.40539743984006543 -0.5254001251818792
574 -1.3075133987734682 -0.4110674750077209 -0.5168654443974288
575 -0.7531130410420381 -0.4167216517534999 -0.5082790774992583
576 -1.0528200765452937 -0.4223597519469835 -0.49964188311690244
577 -0.951335864486958 -0.42798155807796545 -0.49095472496260173
578 -0.7335344826896795 -0.4335868532648417 -0.48221847174493154
579 -1.1026196070581213 -0.4391754212629779 -0.473433997081935
580 -0.9755278417606397 -0.44474704647305235 -0.46460217941375737
581 -1.3072162314229918 -0.4503015139493715 -0.4557239019148055
582 -1.2617625717462517 -0.45583860940816523 -0.44680005240542997
583 -1.0262772835022556 -0.46135811923585146 -0.4378315232631469
584 -0.39855414509248344 -0.4668598304972783 -0.42881921133339584
585 -0.41600739608517195 -0.4723435309439371 -0.41976401783985967
586 -1.2609015120956704 -0.47780900902215295 -0.41066684829434086
587 -1.3028497800137075 -0.4832560538812446 -0.4015286124062146
588 -1.2765902245358183 -0.4886844553816593 -0.39235022399145386
589 -1.2319874227664678 -0.49409400410308 -0.38313260088125134
590 -0.7438355158382526 -0.49948449135250295 -0.373876664830236
591 -0.8998788962868061 -0.5048557091722911 -0.3645833414243013
592 -1.3048158984054141 -0.5102074503481953 -0.35525355998804264
593 -0.5303743031656706 -0.5155395084173491 -0.34588825349182883
594 -0.5974886174694054 -0.5208516776762324 -0.3364883584585042
595 -0.703130778031493 -0.5261437531886092 -0.32705481486974064
596 -0.3765069876611035 -0.5314155307934325 -0.31758856607203484
597 -0.5365067145723041 -0.5366668071127211 -0.3080905586823781
598 -0.6647955016607837 -0.5418973795594052 -0.2985617424935936
599 -1.2545862849812113 -0.5471070463451415 -0.2890030703793611
600 -0.8599362785803039 -0.5522956064880997 -0.27941549819892586
601 -0.47167972069633085 -0.5574628598207142 -0.26979998470151617
602 -0.6043091267551266 -0.5626086069974077 -0.2601574914304689
603 -1.2640616943143275 -0.5677326495022799 -0.25048898262707486
604 -0.7022559334606417 -0.572834789656768 -0.2407954251341592
605 -0.45493610566205683 -0.577914830627272 -0.23107778829939224
606 -0.8937623478658243 -0.5829725764327484 -0.22133704387835954
607 -0.34635037569758537 -0.5880078319522692 -0.21157416593738504
608 -0.5474591995736073 -0.5930204029325529 -0.2017901307561289
609 -0.9172490604261454 -0.5980100959954554 -0.19198591672995502
610 -0.9030270964686113 -0.6029767186454318 -0.1821625042720959
611 -0.8565316715778101 -0.6079200792769626 -0.17232087571561025
612 -1.1886820756599947 -0.6128399871819438 -0.1624620152151542
613 -0.6109023772300951 -0.6177362525570471 -0.15258690864856114
614 -0.33575138544755406 -0.62260868651104 -0.1426965435182586
615 -0.7397244346547367 -0.6274571010720742 -0.13279190885251674
616 -1.134567764842714 -0.6322813091949357 -0.12287399510655005
617 -1.1624472113625615 -0.6370811247682631 -0.11294379406346737
618 -0.43025324913002055 -0.6418563626217253 -0.10300229873509785
619 -0.3613166058704471 -0.6466068385331667 -0.0930505032626889
620 -1.0368220860082196 -0.6513323692357137 -0.08308940281749641
621 -0.29212547695116775 -0.6560327724248436 -0.0731199935012631
622 -0.7066171708820526 -0.6607078667654204 -0.06314327224661277
623 -1.1420782935267555 -0.6653574718986879 -0.053160236717356125
624 -0.5277795348890847 -0.6699814084492295 -0.04317188520872868
625 -0.3047239042155928 -0.6745794980318864 -0.03317921654755682
626 -0.22119898307685584 -0.6791515632586416 -0.023183229992379453
627 -1.1213120318799166 -0.6836974277454615 -0.01318492513352214
628 -0.854483794414064 -0.6882169161191017 -0.0031853017931379904
629 -0.5693718857225704 -0.6927098540238724 0.0068146400747701764
630 -0.9793680822464361 -0.6971760681283636 0.016813900484349713
631 -0.8474668036859311 -0.701615386132134 0.02681147951789235
632 -0.2041427995810915 -0.706027636772357 0.03680637742582692
633 -0.8345745141418938 -0.710412649830428 0.04679759472668989
634 -1.1250038653424062 -0.7147702561385303 0.05678413230707806
635 -0.8848282688065873 -0.7191002875861632 0.06676499152155546
636 -0.3689733201476007 -0.7234025771266259 0.07673917429251892
637 -0.5851331942911397 -0.7276769587834628 0.08670568321000133
638 -0.24748626577158428 -0.7319232676568665 0.09666352163141723
639 -0.1656484978174449 -0.7361413399300383 0.10661169378122266
640 -1.0403716161078342 -0.7403310128755101 0.11654920485049364
641 -0.2572113108251177 -0.7444921248614204 0.1264750610964027
642 -0.5847516523026164 -0.7486245153577511 0.13638826994159764
643 -0.47348669907730256 -0.7527280249425192 0.14628784007345494
644 -0.10236788820443377 -0.7568024953079282 0.1561727815432119
645 -0.4989256999100869 -0.7608477692664753 0.1660421058649572
646 -0.6448518528464671 -0.7648636907570149 0.175894826114484
647 -1.0188192020832567 -0.7688501048507796 0.18572995702797787
648 -0.4994045632901314 -0.772806857757357 0.19554651510054424
649 -0.7139978569858749 -0.7767337968306236 0.2053435186845546
650 -0.6419385955983457 -0.7806307705746308 0.21511998808781552
651 -0.5484680331424561 -0.7844976286494536 0.2248749456715337
652 -0.12185125166837912 -0.7883342218769875 0.23460741594807993
653 -0.6934973947467067 -0.7921404022467048 0.24431642567853773
654 -0.49630975258409255 -0.795916022921364 0.2540010039700232
655 -0.3588667690157688 -0.7996609382426749 0.2636601823727784
656 -0.4278097643607157 -0.8033750037369184 0.2732929949770124
657 -0.454272808792065 -0.807058076120519 0.282898478509493
658 -0.04560725158545875 -0.8107100133055739 0.2924756724298697
659 -0.07530779972346391 -0.8143306744053322 0.30202361902673236
660 -0.6981695230056533 -0.8179199197396332 0.31154136351337786
661 -0.4041843138581208 -0.821477610840293 0.32102795412328977
662 -0.6107514205425667 -0.8250036104564468 0.330482442205311
663 -0.9538671814276405 -0.8284977825598442 0.3399038823185127
664 -0.674374397132215 -0.8319599923500967 0.3492913323267349
665 -0.4287656927584783 -0.8353901062598782 0.35864385349280037
666 -0.529858387830397 -0.8387879919600779 0.36796051057238466
667 -0.8162664545516481 -0.8421535183649057 0.37724037190754445
668 -0.2369378285011569 -0.8454865556369476 0.38648250951987934
669 -0.5350485602704099 -0.8487869751921774 0.3956859992033308
670 -0.5319133554662738 -0.8520546497049151 0.40484992061659836
671 -0.7985381562672094 -0.8552894531127402 0.41397335737517804
672 -0.8873512581928757 -0.8584912606213543 0.42305539714299684
673 -0.3166954864634303 -0.8616599487093958 0.43209513172364716
674 -0.06886536680566913 -0.8647953951332048 0.44109165715120235
675 -0.15835424893006633 -0.86789747893154 0.4500440737806176
676 -0.761280348967112 -0.8709660804302447 0.4589514863776903
677 -0.8043043725630032 -0.8740010812468624 0.4678130042085835
678 -0.8941895727027813 -0.8770023642952061 0.4766277411288995
679 -0.1311173601702325 -0.8799698137898742 0.4853948156722903
680 -0.7436938341040853 -0.882903315250717 0.4941133511386082
681 -0.23007585958880394 -0.8858027555072541 0.502782475681572
682 -0.48037558689415016 -0.8886680227030394 0.5114013223959524
683 -0.6745545215170816 -0.8914990062999769 0.5199690294042587
684 -0.4757206135012325 -0.8942955970825853 0.5284847399429308
685 0.052419751365331835 -0.8970576871622113 0.536947602448011
686 -0.34490383245702616 -0.8997851699811904 0.5453567706403021
687 -0.017879078555055772 -0.9024779403169602 0.5537114036099907
688 -0.7585903335986708 -0.905135894286118 0.5620106659007431
689 -0.7397531221534479 -0.9077589293484292 0.570253727593246
690 -0.6844442138940385 -0.9103469443107828 0.5784397643882002
691 -0.528464806737807 -0.9128998393310954 0.5865679576887464
692 -0.02589964204009343 -0.9154175159221631 0.5946374946823286
693 -0.461640465249876 -0.917899876955461 0.6026475684219723
694 -0.5930321140579149 -0.9203468266648903 0.6105973779069791
695 -0.6392804126421238 -0.9227582706504719 0.618486128163024
696 -0.10396249250574119 -0.9251341158819899 0.6263130303216559
697 -0.5016171002576939 -0.9274742707025795 0.6340773016991814
698 -0.7001116679528447 -0.9297786448322631 0.6417781658749337
699 -0.3721442634928541 -0.9320471493714335 0.6494148527689113
700 0.1266381016548659 -0.9342796968042831 0.6569865987187891
701 -0.749815216953673 -0.9364762010021805 0.664492646556282
702 0.03717117181502527 -0.9386365772269932 0.6719322456828615
703 0.046805813097856475 -0.9407607421343566 0.679304652144815
704 -0.16735989021352216 -0.9428486137768883 0.6866091287076385
705 0.005533717195566723 -0.944900111607352 0.6938449449297637
706 -0.14978008248181907 -0.9469151564817624 0.7010113772355981
707 -0.20690132822564833 -0.9488936706624398 0.7081077089878838
708 -0.003733726204837251 -0.9508355778210089 0.7151332305593578
709 -0.4190063890885636 -0.9527408030413431 0.7220872394037183
710 -0.09770274102793985 -0.9546092728224549 0.7289690401258759
711 -0.511735944551952 -0.9564409150813317 0.7357779445514936
712 -0.685451145810984 -0.9582356591557163 0.7425132717958018
713 -0.04608190989287053 -0.9599934358068326 0.7491743483316894
714 -0.5145603239466117 -0.9617141772220579 0.7557605080570537
715 -0.6087253536007057 -0.963397817017538 0.7622710923614112
716 -0.12141341993893817 -0.9650442902407486 0.7687054501917558
717 -0.11262019520871291 -0.9666535333730011 0.775062938117667
718 -0.21389871479540057 -0.9682254843318927 0.7813429203956499
719 -0.35911882009697704 -0.969760082473702 0.7875447690327109
720 -0.42590917768094017 -0.9712572685957281 0.7936678638491531
721 -0.6470615493028373 -0.9727169849385752 0.7997115925405982
722 -0.5150919207940621 -0.9741391751883792 0.8056753507392131
723 -0.27868050603986716 -0.9755237844789829 0.8115585420741487
724 -0.013163173814743856 -0.9768707593940503 0.8173605782311728
725 0.18135842636107657 -0.9781800479691286 0.8230808790115054
726 0.03754942590307808 -0.9794515996936523 0.8287188723898353
727 -0.010107891545565795 -0.9806853655128921 0.834273994571523
728 0.25233721007283294 -0.9818812978298475 0.8397456900489799
729 -0.22129179919000896 -0.9830393505070828 0.8451334116572173
730 -0.3698928694728375 -0.9841594788685069 0.8504366206285644
731 -0.3699163300104541 -0.985241639701097 0.8556547866465435
732 0.3301535124742525 -0.9862857912565661 0.8607873878989016
733 -0.07419630050130144 -0.987291893252973 0.8658339111297899
734 -0.13222277257743187 -0.9882599068762763 0.8707938516910911
735 0.23910832476393995 -0.9891897947818323 0.8756667135928822
736 -0.4574832799530544 -0.9900815210958355 0.8804520095530344
737 -0.5815232722546454 -0.9909350514167021 0.8851492610459383
738 -0.435455995979416 -0.9917503528163982 0.8897579983503596
739 0.3310228486825074 -0.9925273938417086 0.8942777605964084
740 -0.17833822314925052 -0.9932661445154519 0.8987080958116269
741 -0.11380271291888622 -0.9939665763376359 0.9030485609661848
742 0.33179190818890913 -0.994628662286557 0.907298722017184
743 0.23452789325694412 -0.9952523768198437 0.9114581539520613
744 -0.25317143253481034 -0.9958376958754408 0.9155264408310896
745 -0.45122869628407125 -0.9963845968725384 0.9195031758289707
746 -0.36009145243039087 -0.9968930587124429 0.9233879612755189
747 -0.22373547778580738 -0.9973630617793909 0.927180408695427
748 -0.09515851480736359 -0.9977945879413057 0.9308801388471136
749 0.31266371513668134 -0.9981876205504973 0.934486781760646
750 -0.06740142395522541 -0.9985421444443041 0.9379999767747389
751 -0.40921649191877885 -0.9988581459456787 0.9414193725728182
752 0.23882973216555137 -0.9991356128637144 0.9447446272181538
753 0.0057685237554485624 -0.9993745344941166 0.9479754081880525
754 -0.17194103805813277 -0.999574901619615 0.9511113924071088
755 0.12463199976840023 -0.9997367065103194 0.9541522662795148
756 -0.09223676286761195 -0.9998599429240183 0.957097725720417
757 -0.10682346571582191 -0.9999446061064187 0.9599474761863261
758 0.05800959882987744 -0.9999906927913309 0.9627012327045701
759 0.14879242124899006 -0.9999982012007936 0.9653587199017918
760 0.10646362599627068 -0.9999671310451426 0.9679196720314863
761 -0.5277994424884491 -0.9998974835230219 0.970383833000575
762 -0.08342269778726707 -0.9997892613213378 0.9727509563950137
763 -0.42386993433911524 -0.9996424686151554 0.9750208055044363
764 -0.0924243078896878 -0.9994571110675364 0.9771931533458229
765 -0.08264442514443848 -0.9992331958293222 0.9792677826862
766 0.2650369301393045 -0.998970731538857 0.9812444860643621
767 0.18426191275255943 -0.9986697283216543 0.9831230658116188
768 0.2558987333791002 -0.9983301977900078 0.9849033340715608
769 -0.013021744549966296 -0.9979521530425413 0.9865851128188459
770 -0.283214074249567 -0.997535608663705 0.9881682338770004
771 0.25269208420738 -0.9970805807232126 0.989652538935238
772 -0.36747547690473525 -0.9965870867754203 0.9910378795642898
773 -0.2638755950844772 -0.996055145858651 0.9923241172312475
774 0.3669104511562342 -0.9954847784944586 0.9935111233134158
775 -0.35379597430290466 -0.9948760066868376 0.9945987791111761
776 -0.35579849191881663 -0.9942288539213728 0.9955869758598548
777 -0.008046070496494084 -0.9935433451643344 0.9964756147406005
778 -0.081183850302741 -0.9928195068617139 0.9972646068902659
779 0.34749606119817855 -0.9920573669382049 0.9979538734102932
780 0.3365860503045154 -0.9912569547961247 0.998543345374605
781 0.1169534107826331 -0.9904183013142811 0.9990329638364959
782 -0.05263324493386523 -0.98954143884678 0.9994226798345279
783 0.38945466433570985 -0.988626401221778 0.999712454397426
784 -0.04321867389505896 -0.9876732237401775 0.9999022585479752
785 0.22329544361769482 -0.9866819431742639 0.9999920733059188
786 0.11505089209120245 -0.9856525977662881 0.9999818896898556
787 0.5056683271507066 -0.9845852272269902 0.999871708718139
788 -0.4016030987634691 -0.983479872734068 0.9996615414087742
789 0.4245365297705438 -0.9823365769305888 0.999351408778317
790 0.5073367161762785 -0.9811553839233433 0.998941341839772
791 0.4816873199628775 -0.979936339281145 0.9984313815994914
792 -0.4221631106453775 -0.9786794900330712 0.9978215790530743
793 -0.46570457885967576 -0.9773848846666502 0.997111995180267
794 0.39957778422330803 -0.976052573125989 0.9963027009388656
795 -0.32748369779316777 -0.9746826068098476 0.9953937772576199
796 -0.2552958194930629 -0.9732750385696559 0.9943853150281404
797 -0.11262815727136466 -0.9718299227074745 0.9932774150958098
798 -0.09538846333939988 -0.9703473149739 0.992070188249698
799 0.4096304147489276 -0.9688272725659144 0.9907637552114835
800 -0.05198617858080812 -0.967269854124678 0.9893582466233818
801 -0.10953834995389977 -0.9656751197332677 0.9878538030350801
802 0.06648117097660089 -0.9640431309143589 0.9862505748896837
803 0.18510031308608288 -0.9623739506278517 0.9845487225086711
804 0.34957457938503234 -0.9606676432684422 0.9827484160758622
805 -0.00592835649615675 -0.9589242746631385 0.9808498356203995
806 -0.16289360643531237 -0.9571439120687207 0.9788531709987474
807 0.16914876363768594 -0.9553266241691467 0.9767586218757036
808 0.19710695273447965 -0.9534724810729023 0.974566397704435
809 -0.3123965304161067 -0.951581554310296 0.972276717705532
810 -0.0018242193324636835 -0.9496539168307003 0.9698898108450863
811 0.39706911000206147 -0.9476896429997375 0.9674059158117949
812 -0.42801135184473926 -0.9456888085964094 0.9648252809930913
813 0.10649710520214317 -0.9436514908101752 0.9621481644503063
814 -0.17607678142184102 -0.9415777682379731 0.9593748338928642
815 -0.1279337749853583 -0.9394677208811885 0.9565055666515091
816 0.47450689023807435 -0.937321430142567 0.9535406496505743
817 -0.24112373564280465 -0.9351389788230745 0.9504803793792889
818 0.3713078054789679 -0.9329204511187029 0.94732506186213
819 0.029712517528720506 -0.9306659326172213 0.9440750126282197
820 0.31278314353571124 -0.9283755102948756 0.9407305566797731
821 -0.26711974586415455 -0.9260492725130312 0.9372920284595976
822 0.5059227367177684 -0.9236873090147651 0.9337597718176507
823 0.3546096342202849 -0.9212897109214041 0.9301341399766526
824 0.3652314531457199 -0.9188565707290084 0.9264154954967662
825 -0.3345700981284129 -0.9163879823048044 0.9226042102393402
826 0.04318175437193705 -0.9138840408835627 0.9187006653297247
827 -0.3436965031775152 -0.9113448430639242 0.9147052511191576
828 0.4024361234620909 -0.9087704868046729 0.9106183671457304
829 0.1108318693705258 -0.9061610714209591 0.9064404220944348
830 -0.2700764534577582 -0.9035166975804647 0.9021718337562934
831 0.39645571655821066 -0.9008374672995215 0.8978130289865844
832 0.05287297834612148 -0.8981234839391754 0.893364443662152
833 0.3507333866642304 -0.8953748522011985 0.888826522637821
834 -0.2692343125243044 -0.8925916781240499 0.8841997197019127
835 0.16487479422860907 -0.8897740690787852 0.8794844975308649
836 -0.26973405853882126 -0.886922133764914 0.8746813276429652
837 -0.17057704364647008 -0.8840359822062059 0.8697906903511999
838 0.22049806909366287 -0.8811157257464479 0.8648130747152218
839 0.10615046434411879 -0.8781614770451461 0.8597489784924482
840 0.3473147010715534 -0.8751733500731816 0.8545989080882805
841 -0.37751197704007966 -0.8721514601084126 0.8493633785054673
842 0.20985798417986723 -0.8690959237312277 0.8440429132926041
843 -0.008596721994611367 -0.8660068588200478 0.8386380444917783
844 0.15581549048932686 -0.8628843845467791 0.833149312585366
845 0.40022592056708217 -0.8597286213722156 0.827577266441984
846 0.1301920017983036 -0.8565396910413907 0.8219224632616022
847 0.13115761432980344 -0.8533177165788832 0.8161854685198284
848 -0.3395056090203057 -0.8500628222840678 0.8103668559113548
849 -0.530246918118751 -0.8467751337263218 0.8044672072925936
850 0.25418893473505644 -0.8434547777401804 0.7984871126234903
851 0.327870343138857 -0.8401018824204438 0.7924271699085284
852 0.3180751264524754 -0.8367165771172349 0.7862879851369293
853 0.061367695659662824 -0.8332989924310098 0.7800701722220543
854 -0.30560586395041833 -0.829849260207519 0.7737743529400135
855 -0.04441593926674958 -0.8263675135327206 0.7674011568674873
856 0.005654642827627954 -0.822853886727648 0.7609512213187744
857 -0.5279668423134247 -0.819308515343225 0.7544251912820534
858 0.2027957726579147 -0.8157315361550386 0.7478237193548898
859 0.1843979017776215 -0.8121230871580613 0.7411474656789752
860 -0.5065073632230843 -0.8084833075613282 0.7343970978741134
861 -0.04602524390003171 -0.8048123377825661 0.7275732909714597
862 0.010786136039108829 -0.8011103194427764 0.7206767273460181
863 -0.1561982453334203 -0.7973773953607715 0.7137080966484024
864 -0.5522732196225555 -0.7936137095476647 0.706668095735878
865 -0.019127695398045486 -0.7898194072013165 0.699557428602668
866 0.05077537817197486 -0.7859946347007298 0.6923768063095604
867 0.35609673477146697 -0.7821395396004049 0.6851269469128006
868 -0.2521298730693373 -0.7782542706246467 0.6778085753922867
869 -0.2760656386698296 -0.774338977661827 0.6704224235790722
870 0.39073070062661297 -0.7703938117586022 0.6629692300821833
871 -0.42363511645888574 -0.7664189251140854 0.6554497402147573
872 0.3454092683648644 -0.7624144710739759 0.6478647059195175
873 0.3465278324811414 -0.7583806041246418 0.6402148856935712
874 -0.17855517765668594 -0.7543174798871632 0.6325010445125663
875 -0.518754520753977 -0.7502252551113242 0.6247239537541924
876 0.0024719023965770193 -0.7461040876695688 0.6168843911210447
877 -0.08476204558041478 -0.7419541365509097 0.6089831405628535
878 -0.2890167534233311 -0.7377755618547941 0.6010209921980904
879 -0.3840611058478547 -0.733568524784928 0.5929987422349565
880 -0.3434564158765884 -0.7293331876430569 0.5849171928917617
881 -0.32866380482900337 -0.7250697138227045 0.5767771523167085
882 0.32891151804381247 -0.7207782678028682 0.5685794345070696
883 -0.32240683768462763 -0.7164590151416772 0.5603248592277947
884 -0.03839881120925037 -0.7121121224700002 0.5520142519295328
885 -0.2615853695408531 -0.707737757485021 0.5436484436660883
886 -0.27551004716646466 -0.7033360889437676 0.5352282710113161
887 -0.27071076709495756 -0.6989072866566018 0.5267545759754648
888 -0.09110949994132045 -0.6944515214806686 0.5182282059209752
889 -0.3272335926275952 -0.6899689653133039 0.5096500134777503
890 -0.28258383330117776 -0.6854597910854031 0.5010208564578846
891 -0.5957735357424917 -0.6809241727547521 0.49234159776988917
892 -0.14554602383906767 -0.6763622852993121 0.4836131053324
893 -0.6017598178907744 -0.6717743047104718 0.4748362519873872
894 0.06454491454408723 -0.6671604079862575 0.4660119154128712
895 -0.6221372151664917 -0.6625207731245047 0.45714097803515585
896 0.029505794671849717 -0.657855579115991 0.44822432694058495
897 -0.3907722120819307 -0.6531650059375308 0.4392628537868406
898 0.10121799916041907 -0.6484492345450324 0.43025745471376875
899 -0.451568130315857 -0.6437084468665163 0.42120903025377215
900 -0.10562112858491407 -0.6389428257950988 0.4121184852417566
901 0.2474947324985977 -0.6341525551819328 0.40298672872464775
902 0.18442156069157267 -0.6293378198291175 0.39381467387048763
903 -0.3917841384590637 -0.6244988054825684 0.38460323787711825
904 0.04265684477672094 -0.6196356988248513 0.37535334188046277
905 -0.6700217212549865 -0.6147486874679804 0.366065910862411
906 0.21633914088974332 -0.6098379599461807 0.3567418735583286
907 0.06099075087937594 -0.6049037057086147 0.34738216236417424
908 -0.2481249046007244 -0.5999461151120723 0.33798771324326765
909 -0.6636443558112877 -0.5949653794136306 0.32855946563269217
910 -0.41784225957221327 -0.589961690763271 0.3190983623493521
911 -0.7655629264586165 -0.5849352421964691 0.3096053494956915
912 -0.6984455926358639 -0.5798862276267471 0.300081376365085
913 -0.006420166396941207 -0.5748148418381926 0.2905273953469072
914 -0.3769059985011505 -0.5697212804779447 0.2809443618313018
915 0.06718442179827722 -0.564605740048645 0.27133323411363275
916 -0.6133953352842829 -0.5594684179008584 0.26169497329866265
917 -0.6220204292414702 -0.5543095122254577 0.25203054320444107
918 0.020740855489527227 -0.5491292220459805 0.24234091026592378
919 -0.10336862575141642 -0.5439277472109478 0.23262704343833002
920 -0.21578957183210243 -0.5387052883861563 0.22288991410024764
921 0.04822031186990475 -0.5334620470469359 0.2131304959564945
922 -0.5566115112245271 -0.5281982254703782 0.20334976494075557
923 -0.6504124889053643 -0.5229140267275317 0.19354869911798014
924 -0.5774715998457405 -0.5176096546755685 0.18372827858658297
925 -0.04604169718247911 -0.5122853139499193 0.17388948538043356
926 -0.40443602133657763 -0.506941209956378 0.16403330337065347
927 -0.20970710636609824 -0.5015775488631811 0.15416071816723032
928 -0.813612314849508 -0.49619453759304866 0.14427271702045727
929 -0.6758354372392216 -0.4907923838152051 0.13437028872220905
930 -0.6821982090186135 -0.4853712959373665 0.12445442350706169
931 -0.06024396569963347 -0.4799314830977008 0.11452611295327708
932 -0.34703098105838165 -0.4744731551567593 0.10458634988363524
933 -0.3911857952808768 -0.4689965226893807 0.09463612826616005
934 -0.46342491034292377 -0.46350179697656724 0.08467644311472142
935 -0.6462658866097464 -0.4579891899973332 0.07470829038953478
936 -0.48558573111716935 -0.45245891442052993 0.06473266689756589
937 -0.29845197665314943 -0.44691118359663695 0.054750570192850956
938 -0.15653013590045547 -0.441346211549534 0.04476299847674028
939 -0.31262356363787436 -0.43576421296824375 0.03477095049808608
940 -0.894731021776884 -0.43016540319864927 0.024775425453357765
941 -0.3364959439639303 -0.4245499982351864 0.014777422886730236
942 -0.8784653314045784 -0.41891821471251084 0.004777942590128512
943 -0.8237910628215483 -0.4132702698971407 -0.00522201549675062
944 -0.8379046501208687 -0.407606381679074 -0.015221451386431741
945 -0.7910278775538605 -0.4019267685633857 -0.02521936514365872
946 -0.7543941639355947 -0.3962316496617937 -0.03521475698538918
947 -0.8089881235527693 -0.39052124468420846 -0.04520662738076485
948 -0.1070224386798285 -0.38479577393025655 -0.05519397715107451
949 -0.6445919670803263 -0.3790554582807816 -0.0651758075696639
950 -0.7379025078997007 -0.37330051918932294 -0.07515112046180931
951 -0.8002835705371076 -0.3675311786735725 -0.08511891830453426
952 -0.7631949977586272 -0.36174765930680935 -0.09507820432636097
953 -0.7786426001248257 -0.3559501842093125 -0.10502798260698659
954 -0.8697078777774137 -0.35013897703975644 -0.11496725817687456
955 -0.622990843692433 -0.34431426198657783 -0.12489503711675232
956 -0.8456906844074503 -0.3384762637593298 -0.1348103266569955
957 -0.1453061522017666 -0.33262520758001224 -0.14471213527691454
958 -0.36990070544608 -0.32676131917438295 -0.15459947280389894
959 -0.0016836432785555522 -0.3208848247632496 -0.16447135051243542
960 -0.5606549425162382 -0.3149959510537422 -0.17432678122297965
961 -0.9631258016173435 -0.30909492523056725 -0.1841647794006734
962 -0.08370047169181224 -0.3031819749472424 -0.19398436125389726
963 -0.2623010400393819 -0.29725732831731727 -0.20378454483265054
964 -0.18376856037339534 -0.2913212139055678 -0.2135643501267387
965 -0.12908193273218022 -0.28537386071918236 -0.2233227991637839
966 -0.026330128174231138 -0.27941549819892586 -0.2330589161070144
967 -0.06395148275258616 -0.2734463562102882 -0.24277172735284935
968 -0.43977777986439953 -0.2674666650346164 -0.2524602616282581
969 -0.953095323363431 -0.26147665536023096 -0.26212355008788685
970 -0.6923534479390144 -0.2554765582735257 -0.2717606264109424
971 -0.7659541028513372 -0.24946660525005238 -0.28137052689782505
972 -0.8815793453216696 -0.24344702814559377 -0.2909522905664908
973 -0.9203011419326864 -0.237418059187214 -0.30050495924855936
974 -0.8490204545698185 -0.23137993096430304 -0.310027577685123
975 -0.22063149327183593 -0.22533287641960267 -0.3195191936222736
976 -0.3492900409769343 -0.21927712884022008 -0.3289788579063271
977 -0.9375740271853661 -0.21321292184862775 -0.3384056245787381
978 -0.9003588305802672 -0.20714048939365082 -0.34779855097069495
979 -0.5759007364522213 -0.20106006574144158 -0.3571566977973859
980 -0.2558739298411862 -0.19497188546644087 -0.3664791292519284
981 -0.4464911674913943 -0.1888761834423321 -0.3757649130989423
982 -0.5552976754355613 -0.18277319483297486 -0.3850131207677826
983 -0.8806137899109235 -0.1766631550833361 -0.3942228274453894
984 -0.21194921557663557 -0.17054629991040618 -0.40339311216876955
985 -1.0475395014236886 -0.16442286529410516 -0.41252305791709265
986 -0.33281501016604975 -0.15829308746817902 -0.42161175170339216
987 -0.6859388782515689 -0.15215720291108617 -0.4306582846658632
988 -1.075533465244847 -0.1460154483368743 -0.43966175215875003
989 -0.8467465879677734 -0.13986806068604749 -0.44862125384280294
990 -0.40852393668650067 -0.13371527711642886 -0.45753589377532133
991 -1.0770307829824604 -0.1275573349940061 -0.4664047804997409
992 -0.6952215791493784 -0.12139447188377767 -0.47522702713477977
993 -0.8815279057991232 -0.11522692554058701 -0.48400175146312646
994 -0.1933808811907391 -0.10905493389995033 -0.49272807601966023
995 -0.5906108924716588 -0.10287873506887732 -0.5014051281791975
996 -0.7010422443090105 -0.09669856731668534 -0.5100320402437544
997 -0.24665279883479563 -0.09051466906580732 -0.5186079495293108
998 -0.3912230379616234 -0.08432727888259281 -0.527131998452086
999 -0.7240230470255439 -0.07813663546810803 -0.5356033346142913
