-0.18644127128388416
-0.35524151349696165
0.08832577711809986
0.09611414233952063
-1.4863063292278165
0.22151469372338806
0.17070489463756156
0.15205234093342904
1.1552617554181506
0.34605774628467395
-0.13348866936606069
1.9865651109424
-3.1960803603708876
2.651095049936635
-1.231736790715793
-1.279426156313522
-1.3402091759035006
0.3546020521128279
-1.1386484778123793
-1.3568128981852488
2.7108371414901073
2.576273731075144
-0.21237328549062034
-1.7745959882248337
3.3924523236936865
3.8166381047895186
-2.1334941476529474
1.7771568418602648
-0.6863549851367184
3.1293712471561324
1.3325239914996332
-0.3122296613778122
2.6883600031442416
-0.7106557706807829
1.1311286004249619
-0.6212517704302448
1.0506146488672723
2.7398194864316525
-1.8537229802679556
0.45978170021018383
2.443842854896796
-0.20633091204487983
-2.592695141966272
0.02117182858814892
-0.8016283316203231
0.4286587396338861
3.3655726847792815
-1.844854906176185
2.5852189435002675
-0.6318657262163205
0.7288987025159055
-2.3080385136282993
-1.3363536581852478
-1.4890919586402043
0.3270684075693673
-1.046367126406204
-0.37911961080083867
-0.46642410763597475
1.7979193663881117
-0.6912689567621623
0.27438026764223267
1.1425639200052216
-2.514924624405778
0.8146250149842883
-1.183231022667525
0.2761027539232751
-0.24701649088573535
-0.1208893104863365
2.4685356188138243
-0.2605605906223512
2.872683467267199
-2.021277361025976
-2.6018148647298327
2.4155193276003835
0.42300320958327586
-1.1150190440585979
2.0502684501892747
-0.1342485646303186
-1.787737708417842
-0.1858108567803287
1.730022298347163
2.2347217376258857
0.046846204858301294
0.29078794646870554
-0.14055591106486565
2.5550192448394817
-0.4380545074876235
3.1090392488930845
0.17405446616172857
0.17794555796161068
-0.3130793855353874
2.8410922168426094
-0.2612019194565117
0.8632633989374148
-0.9230779570843294
-1.0267263235809085
2.8882125562723897
-0.1301952082016756
-1.9002081988534194
0.5050537522920976
-0.26700417934191467
-1.2238796505752447
2.4643100598066496
0.5582642185676373
2.534159218920182
-0.982160958028669
-0.7798521049196658
2.4661488285528224
-0.44730816175337745
3.10561683058002
-0.1422926817025154
-1.055226484775541
4.023827418571779
-0.8281475891882739
-0.8314472668116715
-0.11072841404109841
-0.4293859732130132
2.9318137451217505
-0.47458986707940803
-1.2257564884756773
0.37324890209385897
-1.657300401008003
-0.7216965685501668
-0.40835795498183114
2.315359797393338
0.6809789273140514
1.7626089014166477
3.636311665647247
0.08828383738033829
1.2438271488267132
-0.357514214019013
2.5007167926053975
0.5226551740981221
0.013180713806317801
3.2787663206886606
-0.10118014681111243
2.7786722951649234
-0.35541349049214155
3.040541602898963
0.09894224603249625
1.1277513449502294
-3.20535563353197
-0.09039408354424461
2.440576418535767
-2.24501647835151
-2.5292797741085744
-1.3219807633390341
0.05029323902704858
-0.8155473512047462
0.531872189148352
-0.2128742615547643
4.7163317158977796
-0.7299266122876394
-1.715686309703998
-1.053985272590787
-0.6167464250611666
0.5555584726608618
-0.013304221307496948
2.6262368657102
2.706659780151272
0.008929622182218377
0.858011452091081
-1.3587968411019296
3.187617725551288
2.6433154542844686
0.5085300204668246
-0.4696491759960564
-1.0372891693549846
-0.9245412115760476
-1.749405421729222
1.3259226834884819
2.9890266180843637
-0.03637864376409459
1.9007793197238256
-1.4243336751810016
1.2941823132591743
-0.7016485321639636
-0.07791058625882741
-1.5234762863733289
-0.40736968517438427
-0.9889644570915376
-2.4666595022994504
-0.9498638594876591
-0.7420643017486137
-0.26415843428554164
2.7969645494022557
-3.0929245375979906
-1.323745411228554
0.21633295762047405
2.6557962284157037
-1.783534697703543
-1.5538838527434522
-1.314201032526822
-0.2418018653228728
3.295246933100153
3.538688283813191
-0.6015363962285724
-1.3906990882980699
-0.009201544243399692
2.52395796417559
2.431783449341152
0.6666106854061105
3.9149531190235782
0.10039172239954759
0.32132583346258753
0.5144115605663222
-0.017250865259717214
0.36334791857426507
2.28742191386881
3.3576667245523866
-0.9797201914449796
3.219563686609401
-0.332354934483142
-0.8528316306670132
0.5904912637352111
-0.7754704347039222
-3.566751489436739
2.448515225537814
3.379746796497547
1.4856869570643885
1.1265110194990404
1.8975108071393503
-0.924524370779297
2.448391826863457
-0.011734214376557668
2.4552244507684793
-0.710500674666955
2.305224880764742
3.417141602625879
2.7753270762238036
1.3798799010709466
-0.15684261051476847
-0.646491026783994
-0.024515178621480893
-1.448991548522045
0.7794918660522115
-0.09017739938005775
-1.0863009072108918
-0.5390325800200371
3.5426256601849717
0.6440999879429353
2.5949299846781457
0.1836335742581206
-2.105934441639898
-0.08642687384180807
-0.21398778156152834
-0.75300240122619
1.1459273541343218
2.230274147801679
3.3073312930626777
0.16726126864934976
3.703705297328944
-0.5487608291523853
2.9569932434534314
0.568904090502716
2.4372736268749007
1.9288003053541174
1.0790570549507297
-0.5352748620887675
-0.6868316257783892
-0.43068062707394905
2.8287145288438107
-0.5979685425002383
-0.9134434096547731
3.628368735440666
-0.6239051526686622
0.26187547894034024
-0.5870290051548038
0.876199862650358
0.12325546357279293
-0.3971256828561419
0.8860899202069914
0.3189718257204604
0.2648676257857707
3.3695469181213116
1.04003845453448
0.5769811517731269
0.5732654485250398
-0.10889846683804266
0.9375548428677463
2.8070059532356275
2.127813812723054
0.3093178022046615
-0.8575058348962581
-0.8788735170654699
3.3577683925283592
2.917308762873108
3.815453127040187
1.09868850104712
1.1532126213747222
1.290993371628489
0.07983961125628633
1.3128954115297282
0.023357027569657567
-0.8311734031854027
-2.15170561903684
-0.5639864584101567
-1.5468070745599563
3.8242970385255424
-1.6895765215571021
3.2163950998172695
2.904485414300196
0.5279505543325392
-1.561119890658687
1.5582252766331637
0.20835292145425172
-0.7283500854473723
-0.6392416717789569
0.7182163825618534
-0.7461737106573472
2.606939364879916
2.713699091344683
-2.4991397520372693
-0.40210241775784406
-1.2880055449465666
1.8723032622753264
0.7678181289908628
-5.580646570639457
-0.2802214432692739
2.175124847992664
-1.2688589591737998
1.758759350083834
-3.329048174765253
-0.13230336961563705
-0.2272525093603447
-0.727476109719801
-2.441895398545765
-1.0237993163261987
0.5677647396556529
1.5045218666646716
-3.187486690589731
-0.5784269725316454
-0.2584875235264319
-0.9976208418380527
-1.1397000880327837
-3.2412906479120265
1.496405311360214
4.067275779456332
2.986517805358485
1.6707292217109244
4.192202569233938
2.9627512923134063
2.190841034195012
3.9307825511387446
-1.6700488052156799
-0.34847114011929786
0.5377050874408872
-0.002905450275541419
-0.06063030227924242
-0.6934339076182555
0.9640226322174184
0.4409560006804435
-0.08165121530792052
0.11732680466097789
0.3294899667614772
-0.2925789353599082
0.815600359710878
-0.2820059024109606
0.04992248806785643
2.5700864880662473
0.2194774937754363
-1.0544219328305533
2.781045894492256
-1.20115565525345
3.824275544997804
-0.2990949667611442
3.729386605383136
-0.3126030136650717
0.10120308649831945
-2.2485930215330336
-1.1118180907755213
1.8857231389563873
-1.9089719808078967
-1.1865517009450086
1.7053834722297463
1.6234621032930863
1.9868967920830702
1.1564436063936467
0.8890393567021025
-1.6787874599260384
1.824818786589987
0.41959523754955963
3.0005273849709133
0.7419285400127111
0.6049483084251994
-2.568301371065342
-0.09107873492717967
0.4821757484334599
-0.4670732394906557
-1.8792869914501684
0.13308804378628292
-1.0980831454210314
0.05147318228486619
-1.298406175425844
0.7586370630214484
2.455232497449262
0.03261548315667647
-1.2776363350812348
0.6585368715597955
0.9989016489932808
3.2695691110352803
3.9060885457975085
-0.5470599318907826
0.6678795613643351
-0.030296779438812003
2.7412550887690124
-1.5920345214933365
-2.7577200688316834
0.47601835541036075
-0.8360494800523847
-1.8395221328778353
0.10759493816851504
3.7466114003270268
0.4269243288256842
-0.35858879766530466
0.6030359101266989
2.5356778623103238
0.3144319337524709
4.086135257910729
0.33311455047149896
1.0696372874093258
-0.09632364814058514
-2.338970010269326
-1.241797479311856
-2.0325397888215875
-1.4295773730927606
-2.3063314744779415
1.0810929930210922
1.724391719951887
-0.4024676245696163
-1.476898981185481
0.6389293194198086
-0.4656597324338331
-0.9670123710082098
2.587173054534734
1.217716255875353
2.7683310160818344
-0.24785561516000487
-1.383379352486164
-1.7179211107917767
0.7174286220370574
1.4475372704461957
-1.2477341209058204
0.2913368615276444
3.148478683878655
2.299702776665675
1.4622679827754739
3.7748044266056313
-2.3202835968123696
-1.0285007823209749
-1.340140288254376
0.5165524660423712
2.464991547935445
3.306975782039911
-0.25739499650682995
0.14936995811488732
2.35543498026254
0.5820873874833424
-3.3467617807167946
0.3968835181521786
0.42471322281699386
3.0548914730561756
0.38825182205357844
-1.6854817863903062
2.9947369122894925
0.8298943774311116
2.8058795465053965
0.6034789574283768
0.8277914282922316
0.546730265916426
3.244609596878246
-0.47738166223266104
0.6640795475273731
-1.3113243820094933
2.4415838713818747
-1.3146294031338313
1.004093104601491
3.7609328833337488
0.40272166938661225
0.8730058373155313
1.39408104250043
3.1012236784569893
-0.5887796071685205
0.18621169846960364
0.8582860008822079
0.317857879102256
1.7187917226763108
-0.7898351780428707
-0.42666728403845283
0.30733106704705815
0.06803203466841243
1.6042779810390837
0.9957039414105046
-3.12872316571673
-0.6284625527547907
4.0027807879439905
3.2263568111181815
3.776782610781053
2.911531721387314
-1.4753517947925194
-0.03852120042474061
0.8298115685459322
0.33948780556898744
-2.700688053090367
0.2929311256805711
0.7573281242970629
1.8686923368271982
-1.285822446492178
-0.072892245211876
-0.6499913106098173
0.1273146355720885
-0.07094967490085848
-0.34750251360573836
0.36563540450462595
0.0340658625538518
0.008359162757482943
-0.32674455138175723
-2.422659484680695
2.82729979405965
2.790141065043581
2.386965019380142
-0.843911487937803
2.9807587688576103
2.758636568817226
-1.1734099063320942
-1.635217445838304
0.5119497164008675
-0.4114976333135387
-0.7956266127891249
-0.7100525489930525
3.104506140035018
-0.32742902382746886
2.117795959684641
0.011436571155416278
3.02689120221354
1.430932797842637
1.6883837829950057
0.23732436396319365
0.6879852479963806
-2.4982127142596626
0.3843593530746588
-1.3106545656253938
-0.5007015751875076
-1.149722788141142
-0.8439199154363659
-0.20799486689224544
0.42562257961103717
-0.626607444597052
2.7702090834138158
-1.471845792875931
0.7721196774406992
0.47730239639188415
-0.24006956675279084
0.0805603706020881
-3.0175150304025626
0.9174197664022404
-0.37213191587612243
0.9156188854932334
-0.019316006687580132
-2.942886827921631
-0.8885191694760525
0.2693974528048613
3.3167544353892966
-1.2993410769943248
0.79924087113552
1.3315325235789282
0.5208121988777386
2.1538487255748073
0.058371883962996744
-1.9819047527874671
0.720685934762169
2.787464512122207
3.829199669903963
-1.5454476374197936
1.6389616031539602
-1.325491265694986
-0.5229785553712467
0.9037094332179562
-0.5641639305453827
0.5072515845393727
2.409468551131101
-2.3354073281623733
-0.11656742405674565
-0.832994100425545
0.3035897590687767
-0.8007870395667669
3.3690268426796517
-2.1606280042996677
-1.0292838374804099
0.40665564934853815
-0.6005043386242819
-0.6486357676015769
-0.7253231367820491
-2.259983371918371
-4.447308820806778
1.1847910797091656
-0.5250441464440636
1.9844112488851215
-4.996188908893209
-1.6396429264502834
-0.5821924381263328
0.3268129791190551
-0.40931840312602197
-1.3422110360506843
-0.1295048310951561
3.6652530575974285
-1.160443193869437
1.5230967139279845
-0.5562679686162673
2.994955115821736
-2.6006418091130947
3.49425532110957
2.7119498738951555
-1.0981486325572187
-2.45990137787386
3.5207198171885716
-0.737248406172897
-1.0802255391027344
1.308932334281501
0.7330725605424461
-1.2745929804429603
0.6521796358150284
-1.3315433526825036
-0.23148483037082923
0.18919875182509854
-0.7003606672110587
1.2239360089168974
-0.3009307161993995
0.25130963208627743
0.9282902149250671
0.399082120532138
0.08338883723590933
3.784877754956097
-0.4249831950984578
1.4516789083179342
-1.7951797003000773
2.8160838993170567
-1.6108600360178962
0.3416885988728869
-0.12517266458702858
-0.7591525123862326
2.94385045830633
-0.7758948239718666
-1.005597221955974
0.893784105381041
-1.1802249634431234
-0.4215965614835121
0.07743610363151432
0.949268086233381
0.9367833542763138
-2.17071105907707
-1.1746662224074962
-0.615491639425755
-4.4159469949905485
3.4020614255102366
-1.1044368091826937
0.9648881368696258
-0.4691943596757394
2.424306619264515
-1.2804325247991244
2.1503538075928947
0.9418661752421255
-1.2298542426506376
1.373332455126111
-4.64876276897067
-0.5274194569670009
0.7745345235289796
-0.2380234950769311
2.627177975164883
-1.48604849353001
3.024025353333232
-1.2371647009313789
-0.561876346268859
0.3209710832687655
2.167937070050156
2.650714668975073
-3.266614911865304
-2.3071330983924363
1.8354794387864972
3.1674575718835296
0.7479633293378322
0.2738270906665688
-0.17008356268584848
-1.3224429713422496
0.6028630022873442
-0.34909369658323175
0.2390447056304451
-0.8893309139745152
0.12125495370357839
-1.537028866939562
-2.297244912198381
0.5039062191897026
3.851215023453971
-0.08687637648744673
-0.15754285521489197
1.2721255737233763
1.3197259119719253
2.8139676594950203
0.9139508148791163
-0.028112781530622688
-3.0274740779765112
-3.113813914708287
2.1138237591194438
0.3245535159290734
0.5053634415125542
0.514864837855844
3.0421486954551455
-0.8797298016122248
2.1532334692629522
0.988578084408599
0.6960880317936964
-0.24282642147418337
-0.9028317425037818
0.5815092832414559
2.7734475243110333
0.8575475535903946
0.1378848679098275
0.18607451711335346
-0.1881168334309667
1.3500293016442164
-0.002747395727973415
2.6295183286968205
1.3351413277186313
1.40061788580469
-1.500176883494792
0.13887887453617104
3.068052231942737
-1.3566221472180453
-1.2041013496697026
3.5364655489983967
-1.3356954516986081
-0.16179551772233292
4.107921667923959
-3.2573369256692684
0.5859527865195064
-0.841569337976489
3.4132382785342172
-3.1533574501910486
2.519318098719273
-3.915882637497681
2.2864921856441867
-2.7610355148142656
0.6451526531285782
3.6534152928837242
-1.5357812884045243
3.158357495769337
2.6947683782787912
1.2821418300893201
-1.782064578112057
2.4719139317970957
2.0387771395785603
-1.3451710951769007
2.596138816652468
3.6167124546496314
-0.396293291842643
2.9888203139885756
1.4454453080128968
-2.6210116358079985
-1.0433996069036862
0.5189693714083458
-1.7365216490486652
2.2997650114378
0.01895171742449442
1.141320426991017
-0.945703805859347
2.0449962311606917
0.4715342680872849
1.32041791273182
0.9566894896320624
-0.08157001965169976
1.5292478634014344
0.6864826401316457
1.7170887330563231
-0.8042769927232138
0.3002536763201884
-1.9516070654512692
-0.42959567390032527
-1.7876550909084088
0.8059133073385901
-0.41839800588557485
-0.21955216709416556
3.4362894948658624
-0.2518521972500833
3.15505129806585
-1.3264896477767878
0.30820413383639916
2.854433914602831
1.115489374094808
-1.5321981430160112
1.0081956109102623
-3.0160319852092985
-1.6196456938206558
2.0051405255465915
-0.18762634911122614
0.7655783836649626
3.303857624236145
-1.9616617227968338
-0.14894122914447525
1.1653354411392074
2.5861580213634987
3.481952298720979
0.9840409776629597
0.19664529496690467
2.287569549172817
-0.6325901423895697
2.548278636820252
-0.7087374755593344
-0.20984694852691854
1.8971606873858808
2.8481791710751696
-1.6961723584723085
-1.3813911531218699
2.311558479497064
1.3012248377291613
-0.3123921151914365
-1.3040408615611936
-0.2712287151202614
-0.7815222740702685
1.8629130897734716
-0.642873594919632
0.8350583653611483
-4.271541950622924
-0.363053450794692
-0.09660230869219344
-1.4320670261489077
-0.1660198696946643
1.1689263743278715
-0.27873083010224686
-0.18589217762224536
0.5494218269801783
0.18855331528016264
0.04683135799744122
-0.8360224541418471
-3.3165936720800473
-0.41749782273416436
2.7917204700630496
-3.3198415599529856
0.13178230051752346
-2.0328934519997985
-0.44832165562495413
-0.12007222209873336
-1.8039436253159022
0.7627680313360328
2.6212744832984205
2.8186770406162878
0.2696988468097705
0.3546604863959199
1.3916969477333319
-0.7960652494953289
-2.343162285924879
3.0023839158881565
0.8013076084574321
0.39583055113614785
-2.5461970416381754
0.29357208724825684
3.2771262699543806
3.073266036382537
-0.3614038605351397
-1.4079081995268257
0.47279300368474003
1.0542070356357671
-0.6604431907601538
-0.8168444258601902
1.18901075705839
3.1259298516267515
-2.318428477687406
-2.617290094387935
3.8021619715581707
-3.963595212810755
2.8667547195469543
-1.8833967640656164
0.2776844562729739
-1.814727087567263
1.4519037520541227
0.1817410298295303
-0.5812668195480043
1.4608304728329036
-0.3836905930013935
0.15237420731890447
0.4965050383582789
0.07597729042272197
-0.71295412729162
1.5373798077309975
1.575783445862164
1.1590106388629562
-1.1558002714875353
0.36357788599044405
-1.2571617812163
-0.8662026807009421
-0.5007103655935266
-0.719594431342007
-1.0233622014868475
0.010712426627731694
0.5441240835875532
2.270832030318018
0.0786920498406861
-1.1933686903629275
-1.5260351879826028
3.475690906239973
-0.7620848052451318
-1.3822794208658336
3.9179347727699643
-1.2113661285852373
3.0936443470698283
-0.7776383573759467
0.7842731671070845
3.4197671113931074
-1.9928377524095087
-0.3192808587483191
-0.6114521473119945
-0.18866633890511852
-0.9783273774733203
-0.15693506698282467
2.672191656426827
3.0928376768794426
1.0968481478561416
1.6361151221599526
0.42705853717417924
-0.2483058331869234
1.4025015262856404
-3.219370051924168
0.43824139301753284
-1.3610507526279796
-0.4210968850658138
1.0105737112975397
0.20722994601150022
3.3185126593974292
-1.4340307289520844
0.6269063059702962
-2.283507088591748
-4.072300688111163
0.29982520177529054
-0.27417452598801495
1.338032381783572
-1.8566414222240666
3.1892877883979143
2.5545952835973558
-2.1510431552039577
0.13630100537027234
0.6833562545792692
1.3436292942394448
-2.306202328912091
0.6085800501276962
-1.360979773904556
0.762867489062081
-0.34700994911158545
0.679848505334208
-3.9817442970919323
0.29193277308717525
0.6665899190285886
-1.5357522087918913
0.08528298217914626
-0.059234446912711736
-0.7557876245398123
-0.5670749264847921
-0.912538925883874
0.21332926939765448
0.9237559690639651
-2.453891930331267
0.14498732700110628
2.7301511735934074
3.815314896069518
2.0181218523403635
3.0864080420518296
1.4479037729825421
-1.6026832507478306
-0.6212073387910747
-0.3162393276322203
3.465099102770193
0.953992230218348
-0.7631426010826766
3.2028894933142746
1.156954884598025
3.4368371113335026
-1.2999090898319192
-0.9889165244407242
0.5405331612446118
-1.5740734251337336
-0.5865038872748921
0.10059341767972574
-3.644874701486847
1.081960714323448
3.4666266482929986
-0.6607003647352649
-1.458981958986978
0.9525478184314949
-1.6806744727713117
-0.146313106262832
2.8919224253002342
3.416839406431263
4.080227863429639
-0.7040260123783144
-1.8117537147191385
-1.1373044112741126
-0.8030726661534776
3.9994960069485543
1.3149407875180261
-0.018257535174047008
0.29100454237039114
1.0748997485451033
